698.231 65.4744 15714 10 0 617.231 16.9744 162 97
195.429 1329.43 16380 10 1 153.429 1231.93 84 195
1608.15 658.222 7500 5 1 1570.65 608.222 75 100
618.862 1296.97 29231 19 0 492.862 1238.97 252 116
885.518 1495.1 41899 27 0 739.018 1423.6 293 143
1199.69 698.744 39960 26 0 1091.69 606.244 216 185
112.903 937.341 15309 10 1 18.4027 896.841 189 81
1197.56 1656.02 22140 14 1 1152.56 1533.02 90 246
625.495 471.068 40698 27 2 539.995 352.068 171 238
977.688 1089.33 64191 42 1 841.688 971.331 272 236
