646.351 1562.15 26544 17 1 567.351 1478.15 158 168
1471.88 623.206 40581 27 2 1388.38 501.706 167 243
280.292 1865.12 26418 17 2 229.292 1735.62 102 259
371.398 399.474 19012 12 0 322.898 301.474 97 196
1125.86 887.722 33222 22 2 1012.86 814.222 226 147
634.644 1873.95 65280 43 0 507.144 1745.95 255 256
716.172 333.828 49476 32 0 583.172 240.828 266 186
1703.64 1158.13 29133 19 1 1645.14 1033.63 117 249
1902.83 1512.04 19312 12 1 1760.83 1478.04 284 68
1507.49 227.422 38687 25 1 1403.49 134.422 208 186
1420.93 998.503 16089 10 1 1374.43 912.003 93 173
1117.15 1654.56 30942 20 1 1036.15 1559.06 162 191
672.116 1045.61 33263 22 2 588.116 946.611 168 198
1867.46 113.115 28056 18 1 1783.96 29.1147 167 168
1374.98 1551.83 47304 31 0 1266.98 1442.33 216 219
37.5595 1463.75 13596 9 0 4.55947 1360.75 66 206
540.345 1340.54 58515 39 2 415.845 1223.04 249 235
1747.38 450.234 65455 43 0 1623.88 317.734 247 265
1701.17 1481.36 4872 3 1 1672.17 1439.36 58 84
223.586 908.589 8819 5 0 188.586 845.589 70 126
1063.91 141.703 14322 9 0 1032.91 26.2032 62 231
1031.32 605.136 35167 23 0 952.818 493.136 157 224
883.019 898.191 40889 27 2 812.519 753.191 141 290
1233.94 658.767 29792 19 1 1177.94 525.767 112 266
728.433 173.473 15520 10 2 648.433 124.973 160 97
909.324 1243.69 49028 32 0 770.824 1155.19 277 177
260.639 1567.75 30794 20 0 174.139 1478.75 173 178
1205.31 1137.89 12508 8 2 1178.81 1019.89 53 236
1192.51 1456.57 15309 10 1 1152.01 1362.07 81 189
92.0371 1060.24 45999 30 2 6.53706 925.736 171 269
131.444 439.466 37191 24 1 4.944 365.966 253 147
1352.97 1748.59 27251 18 1 1238.47 1689.09 229 119
776.672 465.576 11960 7 0 661.672 439.576 230 52
1691.22 86.3155 7917 5 0 1647.72 40.8155 87 91
1812.48 840.112 6240 4 1 1752.48 814.112 120 52
1064.73 317.688 10320 6 1 1000.23 277.688 129 80
641.964 792.796 22320 14 0 581.964 699.796 120 186
1928.32 1091.31 19809 13 1 1786.82 1056.31 283 70
1698.23 1828.49 20076 13 2 1578.73 1786.49 239 84
471.635 839.084 18987 12 0 424.635 738.084 94 202
131.79 203.174 22868 15 1 82.2901 87.6736 99 231
209.254 658.346 28800 19 2 149.254 538.346 120 240
427.44 1794.26 11592 7 2 358.44 1752.26 138 84
779.697 1427.22 11328 7 1 747.697 1338.72 64 177
1406.89 428.085 16701 11 0 1260.39 399.585 293 57
480.541 1138.78 29820 19 2 374.041 1068.78 213 140
45.9216 1281.44 11622 7 2 6.9216 1206.94 78 149
1854.86 1700.07 34980 23 2 1748.86 1617.57 212 165
1553.4 1307.75 19266 12 0 1514.4 1184.25 78 247
1039.39 1438.29 8701 5 1 1000.89 1381.79 77 113
1395.33 1223.5 11340 7 2 1305.33 1192 180 63
1600.43 1702.41 16351 10 1 1501.93 1660.91 197 83
472.146 276.949 7178 4 1 423.646 239.949 97 74
1630.08 1366.32 5656 3 1 1602.08 1315.82 56 101
887.23 1703.51 13869 9 0 852.73 1603.01 69 201
280.19 1278.56 21401 14 0 218.69 1191.56 123 174
1191.82 211.558 17369 11 2 1095.32 166.558 193 90
897.381 1481.78 5916 3 1 839.381 1456.28 116 51
599.309 594.749 13984 9 2 507.309 556.749 184 76
1521.92 1023.01 22684 15 0 1468.92 916.013 106 214
