708.625 605.126 51735 34 2 597.125 489.126 223 232
1324.41 169.504 44807 29 0 1194.91 83.0042 259 173
644.475 144.407 30861 20 2 580.975 22.9072 127 243
1453.36 1350.59 30174 20 2 1312.36 1297.09 282 107
994.425 1692.28 10971 7 0 967.925 1588.78 53 207
1207.05 781.785 42390 28 0 1128.55 646.785 157 270
1629.78 1535.98 47040 31 1 1524.78 1423.98 210 224
1571.93 649.028 20764 13 0 1482.43 591.028 179 116
145.333 855.145 8905 5 2 112.833 786.645 65 137
728.382 833.124 9108 6 0 682.382 783.624 92 99
287.525 1580.03 28025 18 2 140.025 1532.53 295 95
1098.36 1238.57 24708 16 1 1027.36 1151.57 142 174
891.606 1056.41 29232 19 1 765.606 998.413 252 116
233.105 990.459 17709 11 1 152.605 935.459 161 110
1419.57 1570.93 29440 19 0 1362.07 1442.93 115 256
428.551 1091.05 13800 9 2 353.551 1045.05 150 92
1200.22 1487.12 25803 17 1 1108.72 1416.62 183 141
1676.1 498.03 26936 17 1 1585.1 424.03 182 148
1408.34 335.39 6324 4 0 1377.34 284.39 62 102
276.854 366.491 15428 10 2 218.854 299.991 116 133
120.231 1777.3 10625 7 2 77.7306 1714.8 85 125
1004.18 774.43 15224 10 0 960.179 687.93 88 173
695.272 373.414 17202 11 2 603.772 326.414 183 94
1608.85 263.208 32256 21 1 1464.85 207.208 288 112
328.486 767.066 54944 36 0 192.486 666.066 272 202
1092.84 1847.34 15935 10 1 1009.84 1799.34 166 96
690.292 1208.93 38250 25 0 562.792 1133.93 255 150
794.253 1789.79 27500 18 0 669.253 1734.79 250 110
1898 237.943 43168 28 0 1756 161.943 284 152
466.29 283.275 8400 5 1 391.29 255.275 150 56
