1360.29 1248.26 34750 23 1 1235.29 1178.76 250 139
1735.62 226.352 21948 14 0 1617.62 179.852 236 93
227.225 1561.49 30596 20 1 156.725 1452.99 141 217
860.755 1784.23 23049 15 1 762.255 1725.73 197 117
1146.3 388.831 22560 15 0 1052.3 328.831 188 120
58.8803 1620.89 11011 7 1 20.3803 1549.39 77 143
153.876 1052.98 51264 34 1 64.8763 908.982 178 288
207.098 725.796 53295 35 2 79.5984 621.296 255 209
306.498 337.222 37223 24 1 240.498 196.222 132 282
735.508 1350.46 27531 18 2 632.008 1283.96 207 133
748.97 676.115 49632 33 2 654.97 544.115 188 264
492.784 962.057 61997 41 1 367.284 838.557 251 247
1490.08 1669.66 44202 29 2 1410.58 1530.66 159 278
1294.53 599.407 10508 7 0 1223.53 562.407 142 74
1806.92 683.499 31944 21 1 1674.92 622.999 264 121
1253.94 1451.47 48400 32 0 1132.94 1351.47 242 200
1037.83 1273.44 11988 7 2 1000.83 1192.44 74 162
909.495 709.681 30785 20 0 843.995 592.181 131 235
1470.22 131.329 38962 25 1 1343.72 54.3291 253 154
1580.29 408.755 16320 10 1 1460.29 374.755 240 68
644.775 1765.76 19488 12 2 588.775 1678.76 112 174
708.444 165.592 35420 23 0 598.444 85.0917 220 161
472.954 1249.86 46719 31 1 342.454 1160.36 261 179
1683.43 935.865 30456 20 2 1575.43 865.365 216 141
252.629 536.331 11647 7 2 140.629 510.331 224 52
225.667 81.2595 7668 5 1 171.667 45.7595 108 71
1414.79 929.366 25009 16 2 1274.29 884.866 281 89
42.9979 1366.97 11154 7 0 9.99786 1282.47 66 169
946.377 122.781 8700 5 1 859.377 97.7813 174 50
1287.87 1719.66 29590 19 1 1232.87 1585.16 110 269
281.927 1869.65 17640 11 2 236.927 1771.65 90 196
954.555 1517.43 26100 17 0 824.055 1467.43 261 100
1891.87 1324.16 12122 8 2 1787.37 1295.16 209 58
712.192 1600.03 21045 14 1 620.692 1542.53 183 115
1142.19 784.82 51992 34 1 1008.19 687.82 268 194
1710.17 1668.61 29106 19 2 1633.17 1574.11 154 189
841.777 312.611 13992 9 2 735.777 279.611 212 66
759.104 1196.2 12296 8 0 643.104 1169.7 232 53
468.14 1845.01 28633 19 0 399.64 1740.51 137 209
703.847 40.4475 9568 6 2 611.847 14.4475 184 52
555.701 1593.37 17900 11 2 497.201 1516.87 117 153
1090.42 1787.58 27984 18 0 1037.42 1655.58 106 264
521.252 1445.88 5830 3 2 468.252 1418.38 106 55
570.409 462.354 18870 12 1 527.909 351.353 85 222
165.746 315.583 7370 4 0 110.746 282.083 110 67
109.218 1382.47 6171 4 2 83.7184 1321.97 51 121
1574.31 1178.21 18161 12 2 1502.81 1114.71 143 127
469.955 379.778 12980 8 0 440.455 269.778 59 220
54.4744 344.18 15750 10 2 16.9744 239.18 75 210
1152.01 68.6347 16576 11 0 1078.01 12.6347 148 112
1871.55 829.286 17040 11 2 1751.55 793.786 240 71
1314.64 369.076 11742 7 0 1263.14 312.076 103 114
1548.06 763.03 36656 24 1 1432.06 684.03 232 158
435.587 582.138 8280 5 2 389.587 537.138 92 90
302.675 1008.09 20618 13 2 259.175 889.59 87 237
805.529 981.686 35100 23 1 738.029 851.686 135 260
1748.77 558.489 10285 6 0 1688.27 515.989 121 85
1492.99 1456.18 14208 9 1 1437.49 1392.18 111 128
1859.81 418.681 20538 13 0 1796.81 337.181 126 163
1849.23 1057.75 19039 12 0 1730.23 1017.75 238 80
