626.378 806.127 14012 9 2 569.878 744.127 113 124
909.734 1234.82 56637 37 2 808.234 1095.32 203 279
173.525 1910.46 32712 21 1 115.525 1769.46 116 282
1135.2 1154.69 9106 6 0 1056.7 1125.69 157 58
820.364 268.2 16929 11 0 791.864 119.7 57 297
155.811 167.048 19584 13 1 11.8107 133.048 288 68
1187.53 323.371 10615 7 0 1091.03 295.871 193 55
1637.77 230.361 35335 23 0 1545.27 134.861 185 191
450.849 601.278 11440 7 0 395.849 549.278 110 104
1553.03 1067.65 54510 36 2 1434.53 952.654 237 230
181.845 1644.04 19344 12 2 57.8448 1605.04 248 78
1342.92 752.354 12420 8 1 1296.92 684.854 92 135
961.671 1840.05 13931 9 2 897.171 1786.05 129 108
319.04 462.018 32996 21 1 173.04 405.518 292 113
650.699 1171.9 65149 43 2 507.199 1058.4 287 227
586.911 1339.09 22419 14 0 468.911 1291.59 236 95
592.333 390.016 37665 25 1 470.833 312.516 243 155
1903.68 1846.33 80342 53 0 1759.18 1707.33 289 278
1751.83 1086.25 14700 9 1 1726.83 939.25 50 294
1021.78 1575 22610 15 0 926.78 1515.5 190 119
122.609 774.684 24180 16 2 29.6091 709.684 186 130
1876.93 791.181 80620 53 2 1737.93 646.181 278 290
357.392 1346.99 21930 14 0 249.892 1295.99 215 102
181.963 599.144 5548 3 0 145.463 561.144 73 76
623.173 1540.09 21406 14 0 553.673 1463.09 139 154
792.19 795.188 28512 19 0 704.19 714.188 176 162
1310.37 1822.11 38948 25 2 1203.37 1731.11 214 182
313.223 1151.05 53619 35 1 166.723 1059.55 293 183
1104.85 950.428 6882 4 0 1067.85 903.928 74 93
1558.88 440.196 46167 30 1 1442.88 340.696 232 199
