631.569 1068.05 29268 19 1 577.569 932.548 108 271
1159.39 1321.6 22648 15 2 1083.39 1247.1 152 149
1599.2 137.446 8448 5 2 1566.2 73.4458 66 128
739.754 1592.94 62937 41 1 610.254 1471.44 259 243
798.492 818.166 22355 14 0 755.992 686.666 85 263
981.872 205.651 27257 18 0 933.372 65.1509 97 281
1055.96 1679.68 17595 11 0 979.461 1622.18 153 115
293.432 1506.19 35343 23 1 216.932 1390.69 153 231
276.927 1086.29 22559 15 2 236.927 945.293 80 282
357.445 1780.96 36067 24 2 230.445 1709.96 254 142
1127.14 750.316 26862 17 1 1071.64 629.316 111 242
1674.86 1388.32 59780 39 2 1552.36 1266.32 245 244
247.95 295.496 45200 30 0 156.45 171.996 183 247
914.379 444.094 9230 6 0 849.379 408.594 130 71
1492.94 471.701 6816 4 0 1457.44 423.701 71 96
1778.59 502.459 8505 5 2 1738.09 449.959 81 105
1317.65 1567.48 14454 9 1 1281.15 1468.48 73 198
1871.85 149.483 38532 25 2 1793.85 25.9835 156 247
1635.11 1781.73 61870 41 2 1500.61 1666.73 269 230
309.654 627.249 21996 14 0 231.654 556.749 156 141
1253.74 219.328 12675 8 2 1156.24 186.828 195 65
219.848 811.617 18518 12 2 121.348 764.617 197 94
1346.55 1927.2 49708 33 1 1260.55 1782.7 172 289
597.404 1820.76 6052 4 0 552.904 1786.76 89 68
1461.58 1061.04 50063 33 1 1312.58 977.044 298 168
81.7213 1826.49 9675 6 1 44.2213 1761.99 75 129
1604.74 821.342 30780 20 1 1469.74 764.342 270 114
562.966 665.941 15984 10 1 493.466 608.441 139 115
521.367 245.715 31458 20 1 467.867 98.7152 107 294
365.036 1054.83 7831 5 2 320.536 1010.83 89 88
