1303.98 826.201 34932 23 1 1232.98 703.201 142 246
740.44 1591.3 17272 11 2 613.44 1557.3 254 68
386.362 1533.01 55304 36 1 262.362 1421.51 248 223
1012.44 617.157 5355 3 0 980.944 574.657 63 85
151.808 190.721 24101 16 1 100.308 73.7205 103 234
543.045 703.254 48847 32 1 457.045 561.254 172 284
292.385 857.286 15708 10 1 176.885 823.286 231 68
1189.67 382.121 16872 11 1 1132.67 308.121 114 148
340.472 341.604 36686 24 0 257.472 231.104 166 221
874.5 232.254 3535 2 0 848.5 198.254 52 68
1388.39 529.757 55356 36 0 1289.89 389.257 197 281
1176.84 1260.85 35600 23 0 1087.84 1160.85 178 200
1910.6 711.599 24272 16 0 1771.11 668.099 279 87
857.553 799.213 49082 32 2 731.053 702.213 253 194
755.763 322.72 12327 8 0 722.263 230.72 67 184
1452.29 1477.54 3536 2 2 1426.29 1443.54 52 68
694.583 1750.68 4860 3 2 664.583 1710.18 60 81
805.948 579.945 70923 47 1 656.948 460.945 298 238
1543.51 870.142 34596 23 0 1450.51 777.142 186 186
223.68 961.96 8624 5 2 185.18 905.96 77 112
933.1 1653.28 12482 8 1 893.6 1574.28 79 158
1534.71 1635.79 23192 15 1 1482.71 1524.29 104 223
171.345 1180.41 33108 22 2 82.345 1087.41 178 186
545.613 1202.9 53531 35 1 446.113 1068.4 199 269
884.821 1200.9 16092 10 0 810.321 1146.9 149 108
1908.43 1232.73 52143 34 1 1771.93 1137.23 273 191
1769.56 1477.11 13464 8 2 1701.56 1427.61 136 99
1787.4 200.701 18942 12 2 1710.4 139.201 154 123
1846.6 1670.84 36516 24 1 1757.1 1568.84 179 204
438.664 1763.5 5508 3 0 387.664 1736.5 102 54
149.847 1364.57 23528 15 2 23.3467 1318.07 253 93
1017.47 880.333 5394 3 1 988.47 833.833 58 93
1662.36 1581.35 10752 7 0 1606.36 1533.35 112 96
1731.18 1215.3 12460 8 1 1696.18 1126.3 70 178
1438.82 1326.9 25984 17 2 1374.82 1225.4 128 203
1635.41 455.63 19608 13 1 1592.41 341.63 86 228
571.752 335.114 66234 44 0 438.752 210.614 266 249
917.402 1392.59 22750 15 2 871.902 1267.59 91 250
1324.12 1052.78 16829 11 1 1225.12 1010.28 198 85
1290.74 1890.17 51379 34 2 1156.24 1794.67 269 191
873.731 1889.14 14664 9 1 847.731 1748.14 52 282
130.587 454.028 29353 19 2 56.0869 355.528 149 197
632.745 100.729 5354 3 2 601.245 58.2293 63 85
96.1427 817.593 26410 17 0 26.6427 722.593 139 190
135.394 1914.69 58715 39 2 9.3936 1798.19 252 233
1357.78 1699.42 23030 15 0 1240.28 1650.42 235 98
473.729 499.569 8200 5 0 391.729 474.569 164 50
1546.76 1169.22 16758 11 1 1413.76 1137.72 266 63
1314.35 153.189 29410 19 1 1229.35 66.689 170 173
790.991 1433.81 21488 14 0 711.991 1365.81 158 136
1270.18 1491.71 19046 12 0 1181.18 1438.21 178 107
1821 465.328 22943 15 2 1701.5 417.328 239 96
914.376 1046.65 8899 5 0 864.376 1002.15 100 89
1063.22 267.559 17226 11 0 1030.22 137.059 66 261
336.797 156.112 16632 11 1 228.797 117.612 216 77
1052.67 1017.58 5779 3 1 1010.17 983.581 85 68
445.356 1945.56 77964 51 1 311.856 1799.56 267 292
1834.76 1009.08 50196 33 2 1693.76 920.078 282 178
675.111 899.574 9375 6 0 637.611 837.074 75 125
1055.54 56.4888 32523 21 2 909.037 0.9888 293 111
