747.253 869.318 77616 51 1 615.253 722.318 264 294
1513.75 1238.74 46550 31 2 1380.75 1151.24 266 175
1756.03 680.579 38016 25 1 1660.03 581.579 192 198
907.364 1348.24 41496 27 1 816.364 1234.24 182 228
1151.21 1203.28 58960 39 0 1041.21 1069.28 220 268
744.531 1148.51 12382 8 0 703.531 1073.01 82 151
1431.28 735.603 11900 7 2 1397.28 648.103 68 175
1208.99 1731.08 7280 4 0 1138.99 1705.08 140 52
1560.57 168.819 34028 22 1 1470.07 74.8192 181 188
278.945 1372.56 26715 17 2 181.445 1304.06 195 137
