1295.68 1684.01 13064 8 0 1249.68 1613.01 92 142
963.714 1282.64 8999 5 2 873.714 1257.64 180 50
878.989 1432.54 33480 22 0 770.989 1355.04 216 155
786.023 922.067 19759 13 1 738.523 818.067 95 208
1684.41 90.5675 36432 24 0 1557.91 18.5675 253 144
642.401 801.663 29800 19 2 592.401 652.663 100 298
1193.39 1656.35 7659 5 0 1137.89 1621.85 111 69
236.146 1071.66 19594 13 0 139.146 1021.16 194 101
1548.06 402.39 20010 13 1 1475.56 333.39 145 138
337.76 1472.14 56840 37 0 197.76 1370.64 280 203
1750.71 1327.43 19844 13 1 1668.71 1266.93 164 121
224.199 306.076 24543 16 2 173.699 184.576 101 243
62.3789 761.312 15498 10 2 0.878933 698.312 123 126
1829.22 396.858 45900 30 2 1701.72 306.858 255 180
819.09 159.51 6384 4 0 762.09 131.51 114 56
1765.39 219.68 20286 13 0 1618.39 185.18 294 69
1490.87 849.389 25935 17 1 1438.37 725.889 105 247
799.603 1714.55 29640 19 1 702.103 1638.55 195 152
1373 1401.36 18815 12 2 1240.5 1365.86 265 71
1303.77 109.05 24157 16 0 1202.27 49.5499 203 119
1486.13 176.887 7728 5 2 1430.13 142.387 112 69
498.224 1234.8 19559 13 1 416.724 1174.8 163 120
1552.68 1698.84 73377 48 1 1421.18 1559.34 263 279
265.636 1816.82 31059 20 1 135.136 1757.32 261 119
1738.84 1725.34 14190 9 0 1705.84 1617.84 66 215
1140.14 1923.41 39690 26 1 1066.64 1788.41 147 270
1265.07 951.921 54168 36 1 1117.07 860.421 296 183
1455.61 1113.9 8777 5 1 1422.11 1048.4 67 131
1920.95 1656.09 60228 40 1 1794.95 1536.59 252 239
1913.46 635.518 55145 36 2 1778.96 533.018 269 205
526.701 376.831 14926 9 0 497.201 250.331 59 253
1203.47 690.07 19716 13 1 1150.47 597.07 106 186
1785.87 914.34 18722 12 0 1659.37 877.34 253 74
294.287 657.421 37669 25 0 224.787 521.921 139 271
1604.26 721.612 18216 12 1 1571.26 583.612 66 276
1737.92 1041.26 25784 17 0 1591.42 997.259 293 88
277.674 96.0643 15625 10 1 215.174 33.5643 125 125
510.789 1823.2 5904 3 2 474.789 1782.2 72 82
1152.14 440.282 50940 33 0 1062.14 298.782 180 283
367.079 970.793 12138 8 2 248.079 945.293 238 51
1234.52 1235.35 13440 8 2 1150.52 1195.35 168 80
784.173 1160.99 9212 6 0 735.173 1113.99 98 94
1293.22 252.024 16587 11 0 1147.72 223.524 291 57
494.949 753.362 26376 17 2 416.449 669.362 157 168
1426.73 684.588 4000 2 0 1401.73 644.588 50 80
40.7029 1827.92 20904 13 2 1.70293 1693.92 78 268
333.929 1205.09 5618 3 2 280.929 1178.59 106 53
626.173 1882.57 21792 14 0 578.173 1769.07 96 227
1017.34 711.906 20634 13 2 960.344 621.406 114 181
768.694 459.715 33354 22 0 659.694 383.215 218 153
398.016 216.232 20951 13 2 361.516 72.7317 73 287
1066.45 171.346 5920 3 1 1029.45 131.346 74 80
1696 655.527 3990 2 2 1667.5 620.527 57 70
677.064 1378.75 7293 4 2 651.564 1307.25 51 143
1312.82 796.066 2916 1 2 1285.82 769.066 54 54
1067.61 1427.19 30800 20 1 990.612 1327.19 154 200
1769.91 1420.54 6930 4 2 1714.91 1389.04 110 63
977.996 307.984 6534 4 1 917.496 280.984 121 54
594.161 1020.59 7168 4 1 530.161 992.59 128 56
1031.28 1147.25 27180 18 1 941.282 1071.75 180 151
