725.989 573.262 22256 14 2 618.989 521.262 214 104
549.995 1252.12 17459 11 0 510.495 1141.62 79 221
1533.41 743.892 19624 13 0 1489.41 632.392 88 223
1089.93 1648.04 22630 15 0 1016.93 1570.54 146 155
1669.77 1053.99 30360 20 1 1609.77 927.494 120 253
931.53 526.249 20590 13 2 860.53 453.749 142 145
1363.07 1740.75 45760 30 2 1259.07 1630.75 208 220
489.562 633.852 16388 10 2 455.562 513.352 68 241
1863.89 328.124 15232 10 0 1799.89 268.624 128 119
162.226 1307.89 14839 9 2 127.226 1201.89 70 212
