1354.94 1912.78 55335 36 2 1246.44 1785.28 217 255
633.083 1906.67 21252 14 0 591.083 1780.17 84 253
559.04 511.17 52138 34 1 428.04 411.67 262 199
919.054 382.754 8528 5 1 878.054 330.754 82 104
1592.41 1805.54 35721 23 1 1518.91 1684.04 147 243
288.768 1377.44 19319 12 1 236.268 1285.44 105 184
1669.46 1222.85 22875 15 0 1606.96 1131.35 125 183
256.471 86.6451 7826 5 2 213.471 41.1451 86 91
663.499 1184.32 61166 40 2 544.499 1055.82 238 257
1087.43 304.244 15749 10 2 962.432 272.744 250 63
788.493 1695.84 23528 15 0 701.993 1627.84 173 136
635.49 1380.61 14600 9 1 535.49 1344.11 200 73
1373.16 1097.74 31416 20 0 1241.16 1038.24 264 119
456.055 727.278 48755 32 1 333.555 627.778 245 199
1869.19 848.653 19296 12 1 1768.69 800.653 201 96
49.6683 232.507 17680 11 1 9.66826 122.007 80 221
1715.2 615.835 54718 36 0 1606.2 490.335 218 251
1148.71 768.189 62150 41 1 1035.71 630.689 226 275
1353.09 111.639 6722 4 2 1311.59 71.1386 83 81
1088.91 1288.93 6888 4 1 1047.91 1246.93 82 84
192.012 754.563 58554 39 1 72.512 632.063 239 245
1362.17 509.709 13824 9 0 1314.17 437.709 96 144
123.277 1011.46 10752 7 2 39.2773 979.461 168 64
958.207 787.918 9400 6 2 933.207 693.918 50 188
854.845 1432.75 44732 29 2 749.345 1326.75 211 212
510.172 1527.46 37541 25 1 401.672 1440.96 217 173
804.373 626.051 33349 22 0 746.873 481.051 115 290
184.694 1772.51 32604 21 0 41.6944 1715.51 286 114
1119.48 507.116 12496 8 2 1075.48 436.116 88 142
670.784 998.009 21975 14 0 524.284 960.509 293 75
267.698 1106.6 12599 8 2 232.698 1016.6 70 180
1382.9 1640.09 17336 11 2 1284.4 1596.09 197 88
1554.2 361.685 6497 4 1 1517.7 317.185 73 89
1383.05 764.121 26715 17 1 1285.55 695.621 195 137
768.377 320.467 16500 11 2 702.377 257.967 132 125
1572.24 268.456 12168 8 1 1494.24 229.456 156 78
1713.63 138.96 3630 2 1 1680.63 111.46 66 55
218.051 211.482 38595 25 0 93.5514 133.982 249 155
949.222 1108.26 7360 4 1 917.222 1050.76 64 115
1036.19 147.04 22364 14 0 929.691 94.5402 213 105
1219.57 1614.07 6336 4 0 1175.57 1578.07 88 72
504.271 1810.66 19712 13 2 427.271 1746.66 154 128
362.011 1111.21 32075 21 1 308.011 962.706 108 297
113.668 1210.17 5864 3 1 88.168 1152.67 51 115
1738.53 64.0363 3808 2 0 1704.53 36.0363 68 56
470.532 1274.77 10476 6 2 443.532 1177.77 54 194
1724.81 1421.82 30300 20 2 1649.81 1320.82 150 202
1059.89 1788.61 5925 3 2 1020.39 1751.11 79 75
81.8117 1533.63 28050 18 2 6.81173 1440.13 150 187
1460.11 205.848 11154 7 0 1427.11 121.348 66 169
155.034 519.734 9900 6 0 100.034 474.734 110 90
320.451 484.773 11204 7 2 278.951 417.273 83 135
590.106 221.783 16553 11 0 456.606 190.783 267 62
1219.06 975.082 7644 5 0 1177.06 929.582 84 91
1889.88 1204.84 31270 20 2 1742.38 1151.84 295 106
1365.93 293.226 6929 4 2 1320.93 254.726 90 77
1271.74 1462.71 27811 18 0 1170.24 1394.21 203 137
799.402 207.965 5246 3 2 768.902 164.965 61 86
1570.64 1378.8 12180 8 0 1498.14 1336.8 145 84
1737.99 947.303 7095 4 0 1673.49 919.803 129 55
