690.986 361.434 27913 18 0 555.486 309.934 271 103
1681.59 62.5237 23310 15 0 1552.09 17.5237 259 90
888.551 1723.93 72816 48 1 765.551 1575.93 246 296
1576.87 1169.6 53956 35 2 1482.87 1026.1 188 287
706.708 115.678 45696 30 2 594.708 13.6784 224 204
1089.63 539.299 13104 8 1 998.633 503.299 182 72
437.586 190.404 6750 4 0 370.086 165.404 135 50
1412.19 574.845 50841 33 1 1317.69 440.345 189 269
186.761 1658.81 36500 24 2 40.7605 1596.31 292 125
267.569 1356.74 59772 39 0 165.569 1210.24 204 293
1168.38 213.198 21004 14 2 1079.38 154.198 178 118
1565.99 1507.11 19519 13 1 1491.49 1441.61 149 131
709.965 1879.91 12780 8 2 679.965 1773.41 60 213
699.196 1064.18 25443 16 1 649.696 935.679 99 257
1813.24 1024.67 15370 10 2 1680.74 995.666 265 58
1002.03 192.674 7371 4 1 943.535 161.174 117 63
877.635 566.268 47561 31 1 758.135 466.768 239 199
562.538 974.339 25943 17 2 492.038 882.339 141 184
1777.29 395.282 84681 56 1 1631.79 249.782 291 291
1745.64 1638.11 20910 13 2 1704.64 1510.61 82 255
397.947 1804.87 22770 15 1 298.947 1747.37 198 115
823.449 1266.71 16166 10 2 754.949 1207.71 137 118
439.624 633.307 21974 14 0 293.124 595.807 293 75
176.424 389.618 13255 8 2 148.924 269.118 55 241
1548.91 1803.03 33823 22 0 1435.41 1728.53 227 149
446.895 1653.11 14160 9 0 386.895 1594.11 120 118
1417.08 1451.79 9170 6 1 1351.58 1416.79 131 70
1282.01 930.343 37370 24 1 1181.01 837.843 202 185
944.779 292.332 21808 14 2 828.779 245.332 232 94
673.137 801.803 12600 8 2 645.137 689.303 56 225
1788.06 654.015 20212 13 0 1726.06 572.515 124 163
1002.53 1422.11 34164 22 0 885.525 1349.11 234 146
84.6315 1261.08 31920 21 1 27.6315 1121.08 114 280
953.519 948.992 17403 11 1 915.519 834.492 76 229
1250.83 1280.56 14326 9 1 1221.83 1157.06 58 247
1126.64 1209.35 26563 17 2 1076.14 1077.85 101 263
1577.75 155.52 6230 4 1 1542.75 111.02 70 89
1155.55 384.314 14219 9 1 1035.05 354.814 241 59
302.053 910.094 22016 14 0 240.553 820.594 123 179
1484.08 358.908 26555 17 2 1366.58 302.408 235 113
644.035 1518.52 19812 13 2 580.535 1440.52 127 156
1364.14 1646.57 27560 18 0 1312.14 1514.07 104 265
1561.96 866.295 30375 20 2 1494.46 753.795 135 225
120.075 876.116 37275 24 2 32.5755 769.616 175 213
1185.07 1651.34 36084 24 1 1092.07 1554.34 186 194
1416.86 1110.41 12115 8 2 1390.86 993.909 52 233
1061.02 64.9632 7144 4 1 1023.02 17.9632 76 94
1336.79 166.263 8840 5 0 1268.79 133.763 136 65
960.541 1178.36 7050 4 0 913.541 1140.86 94 75
192.809 1837.86 16443 10 1 149.309 1743.36 87 189
607.102 1896.16 15600 10 2 574.602 1776.16 65 240
1423.07 60.9499 12800 8 2 1323.07 28.9499 200 64
490.931 1218.32 20034 13 0 427.931 1138.82 126 159
72.4141 117.195 9821 6 0 41.9141 36.6955 61 161
1770.07 857.756 5150 3 2 1745.07 806.256 50 103
283.991 152.951 12160 8 1 245.991 72.9514 76 160
605.005 1397.34 18170 12 2 490.005 1357.84 230 79
1869.26 1369.71 15517 10 1 1737.76 1340.21 263 59
808.737 821.792 17120 11 1 768.737 714.792 80 214
160.842 169.245 8346 5 2 121.842 115.744 78 107
