1644.6 1443.32 12232 8 0 1575.1 1399.32 139 88
562.823 1483.46 46656 31 0 466.823 1361.96 192 243
1615.85 356.047 17690 11 1 1543.35 295.047 145 122
470.235 795.98 12753 8 1 415.735 737.48 109 117
1494.92 702.192 29340 19 2 1404.92 620.692 180 163
912.526 1671.69 16739 11 2 777.526 1640.69 270 62
851.446 940.015 18428 12 2 715.946 906.015 271 68
1172.8 583.718 18128 12 0 1121.3 495.718 103 176
978.684 1471.71 30710 20 0 886.184 1388.71 185 166
1283.66 1596.87 46398 30 1 1172.66 1492.37 222 209
1372.99 1312.06 44064 29 1 1236.99 1231.06 272 162
170.257 1145.98 14328 9 2 134.257 1046.48 72 199
168.82 1298.32 9536 6 1 94.3205 1266.32 149 64
231.853 533.832 71273 47 0 96.353 402.332 271 263
1255.9 232.7 20566 13 0 1210.4 119.7 91 226
456.994 144.832 29118 19 0 387.994 39.3323 138 211
897.656 683.846 36581 24 2 761.156 616.846 273 134
499.683 1223.05 19460 12 2 430.183 1153.05 139 140
1845.98 1052.79 31242 20 1 1722.98 989.294 246 127
711.247 431.592 37092 24 2 645.247 291.092 132 281
833.205 155.746 35321 23 1 761.705 32.2459 143 247
1651.08 1689.48 33748 22 2 1508.08 1630.48 286 118
627.595 879.21 15045 10 1 585.095 790.71 85 177
1810.6 1317.88 13230 8 2 1688.1 1290.88 245 54
249.365 1787.42 49559 33 1 144.365 1669.42 210 236
1132.9 1699.46 8296 5 2 1102.4 1631.46 61 136
181.729 914.92 14800 9 2 33.7291 889.92 296 50
1766.43 660.408 32928 21 1 1654.43 586.908 224 147
1394.02 306.138 11070 7 0 1367.02 203.638 54 205
987.627 1212.2 23450 15 1 920.627 1124.7 134 175
