611.096 311.974 14073 9 2 580.096 198.474 62 227
489.725 1501.49 24892 16 2 362.725 1452.49 254 98
1806.61 1378.05 4828 3 1 1771.11 1344.05 71 68
408.42 626.996 32200 21 2 320.92 534.996 175 184
762.836 503.038 18590 12 2 691.336 438.038 143 130
1450.2 1527.32 6560 4 0 1409.2 1487.32 82 80
664.701 1048.41 12900 8 0 600.201 998.413 129 100
946.851 1504.15 39900 26 2 851.851 1399.15 190 210
1534.11 628.682 12865 8 0 1456.61 587.182 155 83
1267.46 1672.28 8100 5 1 1229.96 1618.28 75 108
933.298 601.401 8978 5 1 866.298 567.901 134 67
895.019 946.61 32340 21 1 812.519 848.61 165 196
1144.04 915.597 36765 24 0 1036.54 830.097 215 171
1806 791.141 64288 42 1 1662.5 679.141 287 224
167.706 1394.9 31668 21 2 89.7061 1293.4 156 203
1393.29 1342.42 23829 15 1 1322.79 1257.92 141 169
1654.26 1331.45 37524 25 0 1565.76 1225.45 177 212
444.776 163.217 27266 18 1 353.276 88.7173 183 149
463.868 1740.76 40068 26 0 384.368 1614.76 159 252
632.431 1717.86 20790 13 1 555.431 1650.36 154 135
1100.76 1198.84 34500 23 1 1031.76 1073.84 138 250
1812.51 312.445 37728 25 1 1740.51 181.445 144 262
1179.49 1878.15 23353 15 1 1118.99 1781.65 121 193
1188.15 548.991 16524 11 1 1154.15 427.491 68 243
1814 1705.8 33115 22 2 1721.5 1616.3 185 179
233.382 838.234 48552 32 2 88.8821 754.234 289 168
270.744 425.645 20799 13 2 218.744 325.645 104 200
1562.33 1865.17 42316 28 0 1491.33 1716.17 142 298
1393.45 610.98 18928 12 1 1347.95 506.98 91 208
1277.3 415.477 9696 6 0 1229.3 364.977 96 101
