660.776 190.378 33089 22 0 559.276 108.878 203 163
1820.19 666.428 23309 15 0 1738.69 594.928 163 143
833.046 745.473 23328 15 0 761.046 664.473 144 162
1674.15 1678.6 18144 12 1 1620.15 1594.6 108 168
1350.17 293.178 53899 35 2 1240.17 170.678 220 245
1140.16 471.087 11023 7 2 1114.16 365.087 52 212
1657.35 969.955 13104 8 1 1573.35 930.955 168 78
1816.54 317.473 59832 39 2 1708.54 178.973 216 277
1682.1 1462.56 12726 8 1 1619.1 1412.06 126 101
821.516 1650.09 11328 7 1 773.516 1591.09 96 118
433.582 1713.89 61530 41 1 287.082 1608.89 293 210
1303.63 1153.38 17934 11 0 1273.13 1006.38 61 294
431.829 307.296 13426 8 0 363.329 258.296 137 98
1611.44 407.013 16132 10 1 1574.44 298.013 74 218
161.655 826.03 52256 34 2 69.6554 684.03 184 284
870.054 1758.67 13384 8 0 750.554 1730.67 239 56
1454.92 1216.03 20930 13 2 1419.92 1066.53 70 299
1027.44 1421.24 22971 15 1 980.944 1297.74 93 247
615.803 837.399 9794 6 0 586.303 754.399 59 166
235.817 1412.98 10176 6 1 187.817 1359.98 96 106
348.302 1259.91 30589 20 2 257.802 1175.41 181 169
1758.88 830.386 24138 16 0 1609.88 789.886 298 81
1553.72 1893.89 67591 45 0 1422.22 1765.39 263 257
1258.61 1752.83 17091 11 2 1153.11 1712.33 211 81
1405.66 879.521 38773 25 2 1310.16 778.021 191 203
836.05 586.934 7626 5 1 795.05 540.434 82 93
1644.68 1224.54 22263 14 1 1583.18 1134.04 123 181
1326.87 1378.52 9170 6 0 1291.87 1313.02 70 131
663.862 1222.26 18496 12 0 595.862 1154.26 136 136
1043.65 802.303 51980 34 2 928.648 689.303 230 226
704.929 1877.72 17812 11 2 668.429 1755.72 73 244
1144.16 1598.46 24029 16 2 1010.66 1553.46 267 90
297.331 128.429 20544 13 2 201.331 74.929 192 107
1476.71 1568.51 26675 17 0 1428.21 1431.01 97 275
439.868 677.436 7124 4 0 413.868 608.936 52 137
221.202 305.678 11352 7 0 188.202 219.678 66 172
530.553 1474.28 18228 12 2 422.053 1432.28 217 84
1860.52 1244.02 37398 24 0 1725.02 1175.02 271 138
1784.2 1873.62 37278 24 1 1698.7 1764.62 171 218
1835.57 1648.31 34393 22 0 1730.07 1566.81 211 163
998.287 1008.75 7853 5 1 921.287 983.251 154 51
937.383 1162.39 4012 2 0 907.883 1128.39 59 68
894.055 333.152 72168 48 0 770.055 187.652 248 291
874.029 1870.66 26240 17 2 792.029 1790.66 164 160
640.422 406.658 18772 12 2 516.922 368.658 247 76
853.742 1124.19 4095 2 0 822.242 1091.69 63 65
850.069 1333.01 12348 8 2 808.069 1259.51 84 147
662.927 1634.83 6426 4 1 599.927 1609.33 126 51
1122.08 1178.04 23650 15 0 1067.08 1070.54 110 215
1693.58 60.8421 21168 14 2 1567.58 18.8421 252 84
1363.04 130.733 21559 14 2 1223.04 92.233 280 77
312.321 271.476 4813 3 1 270.821 242.476 83 58
95.2456 1680.94 19950 13 1 7.7456 1623.94 175 114
190.807 1082.54 39600 26 0 80.8069 992.535 220 180
688.575 605.919 11125 7 1 626.075 561.419 125 89
412.585 1550.33 11599 7 1 296.585 1525.33 232 50
1298.89 648.894 7738 5 2 1225.89 622.394 146 53
759.757 989.359 24300 16 1 624.757 944.359 270 90
1145.88 287.315 5184 3 1 1113.88 246.815 64 81
442.39 989.993 4026 2 1 411.89 956.993 61 66
