1674.51 1548.51 25452 16 2 1573.51 1485.51 202 126
460.035 1728.72 56759 37 2 325.535 1623.22 269 211
1742.97 411.793 70080 46 0 1616.47 273.293 253 277
905.05 158.549 19398 12 0 844.05 79.049 122 159
1220.79 201.162 8092 5 2 1161.29 167.162 119 68
1476.89 1762.81 28569 19 0 1343.39 1709.31 267 107
1094.01 1690.32 74333 49 1 950.511 1560.82 287 259
398.961 1053.24 82894 55 1 258.461 905.741 281 295
975.096 1275.98 54320 36 1 835.096 1178.98 280 194
695.97 112.897 11398 7 0 654.97 43.3973 82 139
1458.54 1505.42 42660 28 0 1379.54 1370.42 158 270
1624.07 957.509 33078 22 0 1568.57 808.509 111 298
570.017 663.428 18816 12 0 538.017 516.428 64 294
1199.42 640.56 34776 23 1 1130.42 514.56 138 252
857.761 518.635 17671 11 1 810.761 424.635 94 188
742.17 1714.44 48000 32 0 642.17 1594.44 200 240
1270.51 1303.79 36816 24 0 1166.51 1215.29 208 177
130.014 705.932 18318 12 1 87.0144 599.432 86 213
745.784 1121.69 26550 17 1 700.784 974.187 90 295
174.721 1218.07 3520 2 0 147.221 1186.07 55 64
297.643 835.311 4698 3 1 257.143 806.311 81 58
1889.93 1215.42 33040 22 2 1742.43 1159.42 295 112
1757.53 1702.43 22576 15 1 1674.53 1634.43 166 136
212.718 1547.47 19796 13 2 162.218 1449.47 101 196
518.566 289.48 62565 41 2 411.066 143.98 215 291
1283.51 363.225 23068 15 0 1210.51 284.225 146 158
114.373 1415.75 11300 7 2 1.37333 1390.75 226 50
964.634 1049.44 24832 16 2 836.634 1000.94 256 97
1051.45 436.634 19322 12 1 994.952 351.134 113 171
1493.44 1103.71 13485 8 2 1446.94 1031.21 93 145
