1771.49 1679.85 27645 18 1 1628.99 1631.35 285 97
785.299 1857.06 44384 29 2 709.299 1711.06 152 292
1497.55 120.964 61992 41 2 1354.05 12.9643 287 216
1533.01 1059.55 27144 18 0 1446.01 981.549 174 156
1797.83 449.316 8372 5 0 1717.33 423.316 161 52
1217.84 973.588 18056 12 0 1156.84 899.588 122 148
312.848 1288.91 23384 15 0 273.348 1140.91 79 296
413.97 531.191 65339 43 0 267.47 419.691 293 223
1432.76 1797.93 52260 34 0 1335.26 1663.93 195 268
1824.91 933.754 17155 11 1 1788.41 816.254 73 235
