990.077 722.636 32890 21 1 925.077 596.136 130 253
499.865 1081.85 56883 37 0 399.365 940.349 201 283
101.276 450.386 16529 11 0 44.2763 377.886 114 145
1762.79 1851.83 36252 24 2 1656.79 1766.33 212 171
1249.75 753.029 26367 17 0 1179.25 659.529 141 187
335.134 1346.4 42282 28 0 248.134 1224.9 174 243
1656.44 1065.09 12298 8 0 1584.94 1022.09 143 86
870.391 307.579 58236 38 0 764.891 169.579 211 276
407.327 739.003 18496 12 0 373.327 603.003 68 272
1575.71 1471.9 37014 24 2 1482.71 1372.4 186 199
