695.532 1440.05 30694 20 0 546.532 1388.55 298 103
1592.53 573.911 10709 7 0 1567.03 468.911 51 210
1244.78 1544.41 26134 17 2 1171.78 1454.91 146 179
1706.97 377.469 15330 10 1 1670.47 272.469 73 210
156.91 299.339 16779 11 0 86.4101 239.839 141 119
774.399 357.964 41820 27 1 651.399 272.964 246 170
1847.02 1851.75 67575 45 0 1714.52 1724.25 265 255
1846.85 551.693 22742 15 1 1763.85 483.193 166 137
251.949 1711.6 33264 22 2 185.949 1585.6 132 252
1408.67 661.04 47838 31 1 1289.67 560.54 238 201
1081.15 1817.37 30302 20 2 1011.65 1708.37 139 218
1777.49 954.623 13860 9 2 1722.49 891.623 110 126
1719.93 1416.54 14934 9 1 1654.43 1359.54 131 114
1502.81 1670.25 25488 16 1 1443.81 1562.25 118 216
477.789 1763.84 37979 25 2 396.289 1647.34 163 233
1311.31 1139.76 19224 12 1 1257.31 1050.76 108 178
502.819 878.489 30709 20 1 359.319 824.989 287 107
705.433 717.292 24054 16 1 648.433 611.792 114 211
1481.62 304.134 21168 14 2 1387.12 248.134 189 112
1525.39 1265.17 25344 16 1 1397.39 1215.67 256 99
718.44 1101.6 8466 5 1 667.44 1060.1 102 83
1074.92 598.263 58426 38 1 963.421 467.263 223 262
657.559 1762.51 17472 11 0 573.559 1710.51 168 104
1079.18 791.042 12420 8 1 989.184 756.542 180 69
536.28 418.255 26956 17 0 490.28 271.755 92 293
1289.42 335.809 44275 29 2 1208.92 198.309 161 275
1887.63 1691.63 10098 6 0 1788.63 1666.13 198 51
970.724 1151.42 13962 9 1 931.724 1061.92 78 179
921.306 1644.84 46800 31 1 831.306 1514.84 180 260
73.2885 689.887 7980 5 1 38.2885 632.887 70 114
1220.44 734.222 10318 6 2 1186.94 657.222 67 154
1904.48 108.029 46410 30 2 1776.98 17.0293 255 182
1135.52 324.962 16146 10 2 1102.02 204.462 67 241
178.959 1006.86 14744 9 2 140.959 909.861 76 194
1671.19 1690.57 6588 4 1 1640.69 1636.57 61 108
1600.45 1532.42 10638 7 1 1573.45 1433.92 54 197
1741.43 1156.3 14734 9 2 1688.43 1086.8 106 139
922.326 193.459 22575 15 0 814.826 140.959 215 105
1374.91 147.226 6435 4 0 1342.41 97.7264 65 99
655.876 1246.07 25500 17 1 530.876 1195.07 250 102
1404.54 1808.74 7611 5 1 1375.04 1744.24 59 129
763.523 1622.85 2550 1 0 738.523 1597.35 50 51
229.009 1404.15 72165 48 0 87.5088 1276.65 283 255
395.28 1046.99 36157 24 0 308.78 942.491 173 209
929.35 942.652 13192 8 1 832.35 908.652 194 68
924.431 1460.02 11880 7 2 864.431 1410.52 120 99
1543.16 175.446 24380 16 0 1428.16 122.446 230 106
1758.44 1616.25 6180 4 1 1706.94 1586.25 103 60
114.995 1769.44 16244 10 1 49.4949 1707.44 131 124
448.004 1210.68 15939 10 0 367.504 1161.18 161 99
349.981 464.869 58104 38 0 241.981 330.369 216 269
78.7269 1065.4 7210 4 1 43.7269 1013.9 70 103
1463.34 885.028 18018 12 2 1347.84 846.028 231 78
446.293 132.312 28917 19 2 351.793 55.8122 189 153
1235.64 972.349 21156 14 2 1149.64 910.849 172 123
218.111 679.512 7137 4 1 176.611 636.512 83 86
1086.73 1089.44 18375 12 0 1049.23 966.936 75 245
1536.04 1064.59 30379 20 0 1413.54 1002.59 245 124
1754.39 1527.26 19206 12 0 1657.39 1477.76 194 99
600.042 1588.38 5250 3 1 575.042 1535.88 50 105
