1362.38 854.662 49068 32 2 1231.88 760.662 261 188
1153.27 557.425 3536 2 0 1119.27 531.425 68 52
429.142 1531.51 58764 39 2 311.142 1407.01 236 249
699.451 786.222 6666 4 1 666.451 735.722 66 101
1772.43 453.849 11385 7 1 1737.93 371.349 69 165
1441.23 598.853 28380 18 1 1333.73 532.853 215 132
1777.19 679.805 16335 10 2 1694.69 630.305 165 99
1621.52 698.417 15576 10 1 1592.02 566.417 59 264
1779.94 1679.28 41250 27 1 1697.44 1554.28 165 250
220.874 431.51 6880 4 1 177.874 391.51 86 80
1188.34 373.663 22008 14 0 1122.84 289.663 131 168
1466.75 150.303 7149 4 1 1395.25 125.303 143 50
1402.02 1502.34 9612 6 1 1313.02 1475.34 178 54
1861.52 976.641 25071 16 2 1793.02 885.141 137 183
850 1266.2 11913 7 0 745.5 1237.7 209 57
1270.75 1214.84 16115 10 1 1243.25 1068.34 55 293
1412.02 1048.2 6120 4 2 1386.52 988.195 51 120
1701.11 379.285 8712 5 0 1668.11 313.285 66 132
724.087 1511.02 21074 14 1 595.587 1470.02 257 82
1758.89 138.168 31868 21 0 1696.89 9.66826 124 257
251.256 886.841 41125 27 0 163.756 769.341 175 235
177.433 1805.15 22264 14 2 133.433 1678.65 88 253
660.975 927.953 11160 7 0 629.975 837.953 62 180
713.516 218.181 65116 43 1 567.516 106.681 292 223
219.124 624.304 48576 32 0 87.1242 532.304 264 184
1142.66 1515.83 37211 24 2 996.161 1452.33 293 127
673.286 594.845 67250 44 0 538.786 469.845 269 250
677.114 34.5091 8058 5 0 598.114 9.00906 158 51
398.067 1167.04 61344 40 2 254.067 1060.54 288 213
1726.54 1208.54 8250 5 0 1644.04 1183.54 165 50
1129.39 1720.35 10368 6 2 1088.89 1656.35 81 128
1183.58 858.992 19776 13 0 1135.58 755.992 96 206
1563.12 1004.8 25974 17 1 1446.12 949.303 234 111
1114.26 155.23 22464 14 2 997.259 107.23 234 96
770.054 1182.79 22540 15 0 647.554 1136.79 245 92
417.812 774.53 16473 10 1 389.312 630.03 57 289
1010.07 1860.44 23491 15 1 940.568 1775.94 139 169
1455.09 1734.07 18655 12 0 1409.59 1631.57 91 205
102.7 1533.14 20663 13 2 41.2 1449.14 123 168
1792.15 1353.67 5950 3 1 1732.65 1328.67 119 50
971.773 510.577 44250 29 0 883.273 385.577 177 250
441.613 1778.92 8989 5 1 397.113 1728.42 89 101
1046.71 1340.9 13632 9 2 1011.21 1244.9 71 192
813.588 827.733 24552 16 2 747.588 734.733 132 186
705.817 1815.84 46944 31 1 624.317 1671.84 163 288
1182.55 1262.45 6417 4 0 1148.05 1215.95 69 93
428.903 188.16 72574 48 0 297.903 49.6597 262 277
1568.81 1768.75 27398 18 2 1517.31 1635.75 103 266
946.83 1055.13 12053 8 1 897.83 993.634 98 123
814.189 1015.06 12036 8 0 763.189 956.059 102 118
1385.37 285.534 17284 11 2 1310.87 227.534 149 116
1493.58 1394.49 28634 19 0 1390.58 1324.99 206 139
1305.45 51.0539 21068 14 2 1190.95 5.05386 229 92
1410.95 1204.03 12780 8 2 1304.45 1174.03 213 60
1310.41 1774.72 6890 4 2 1277.91 1721.72 65 106
158.147 251.626 8148 5 0 109.647 209.626 97 84
1055.29 303.555 14891 9 0 1004.29 230.555 102 146
1030.22 746.319 15288 10 2 981.219 668.319 98 156
1187.84 1049.21 8094 5 0 1152.34 992.206 71 114
1222.5 1740.26 19440 12 1 1182 1620.26 81 240
