634.521 740.261 27750 18 1 572.021 629.261 125 222
1652.14 1376.96 6660 4 2 1596.64 1346.96 111 60
87.5731 1913.52 31970 21 2 18.0731 1798.52 139 230
1752.13 941.565 36708 24 1 1685.63 803.565 133 276
1189.24 1417.5 26970 17 0 1116.74 1324.5 145 186
171.017 1668.78 24881 16 2 101.517 1579.28 139 179
1406.73 1765.33 75075 50 1 1269.23 1628.83 275 273
806.719 1550.51 32549 21 1 672.219 1490.01 269 121
1748.81 470.032 38331 25 2 1674.81 340.532 148 259
1347.53 582.712 24852 16 1 1238.53 525.712 218 114
963.638 1268.78 52256 34 1 821.638 1176.78 284 184
347.13 1742.57 20928 13 0 292.63 1646.57 109 192
952.786 998.103 13202 8 0 872.286 957.103 161 82
1171.69 431.514 32160 21 1 1037.69 371.514 268 120
1164.61 934.748 25728 17 0 1064.11 870.748 201 128
1110.24 1696.45 41583 27 0 1018.24 1583.45 184 226
858.258 520.55 15318 10 2 747.258 486.05 222 69
1772.61 1195.67 35154 23 1 1633.11 1132.67 279 126
1720.83 1832.39 15300 10 0 1618.83 1794.89 204 75
845.153 675.807 11594 7 2 751.653 644.807 187 62
207.868 680.935 28731 19 1 129.368 589.435 157 183
1391.25 1327.45 25875 17 1 1287.75 1264.95 207 125
144.481 141.02 6540 4 0 114.481 86.52 60 109
135.447 364.62 36783 24 2 14.4475 288.62 242 152
605.612 399.794 21305 14 1 505.112 346.794 201 106
1374.84 1138.22 4980 3 1 1333.34 1108.22 83 60
176.641 961.637 61880 41 0 36.6405 851.137 280 221
1446.01 867.742 14632 9 2 1416.51 743.742 59 248
263.721 1527.18 21902 14 2 147.221 1480.18 233 94
708.817 1777.16 39022 26 1 599.817 1687.66 218 179
