1342.19 1748.64 35190 23 1 1214.69 1679.64 255 138
298.878 345.119 9396 6 1 211.878 318.119 174 54
1128.14 1266.69 13616 9 0 1091.14 1174.69 74 184
859.005 1032.48 40765 27 0 750.005 938.975 218 187
1787.67 435.027 15496 10 1 1735.67 360.527 104 149
135.833 1028.05 48923 32 0 34.3333 907.553 203 241
322.129 1503.99 39346 26 2 219.129 1408.49 206 191
1635.46 1046.16 21241 14 0 1592.46 922.66 86 247
1034.81 733.372 54500 36 2 909.806 624.372 250 218
963.982 106.51 5917 3 1 933.482 58.0096 61 97
971.093 325.109 15215 10 0 928.593 235.609 85 179
1237.37 361.673 45140 30 1 1115.37 269.173 244 185
1652.81 226.834 47249 31 0 1527.81 132.334 250 189
1390.01 849.294 41327 27 2 1318.51 704.794 143 289
286.598 196.987 57824 38 0 158.098 84.4874 257 225
1874.77 905.124 53350 35 0 1737.27 808.124 275 194
1572.8 1574.11 57525 38 2 1425.3 1476.61 295 195
872.407 1551.54 15045 10 1 846.907 1404.04 51 295
1547.59 583.537 17775 11 0 1429.09 546.037 237 75
1531.35 1254.7 12656 8 1 1474.85 1198.7 113 112
695.364 145.069 10230 6 1 664.364 62.569 62 165
1085.62 1755.5 73250 48 0 960.619 1609 250 293
1780.85 675.081 43263 28 1 1676.35 571.581 209 207
482.539 1674.99 27552 18 0 359.539 1618.99 246 112
840.357 495.933 18490 12 1 797.357 388.433 86 215
394.781 834.476 28329 18 0 328.281 727.976 133 213
1837.51 1153.78 48790 32 0 1735.01 1034.78 205 238
360.52 597.748 55876 37 0 238.52 483.248 244 229
703.556 1283.95 32208 21 2 637.556 1161.95 132 244
229.732 1266.98 11556 7 2 175.732 1213.48 108 107
821.953 704.297 5928 3 1 783.953 665.297 76 78
161.592 1538.63 26624 17 1 109.592 1410.63 104 256
1291.31 1242.24 13260 8 1 1189.31 1209.74 204 65
642.535 599.972 47507 31 0 531.535 492.972 222 214
282.319 1806.23 20959 13 2 202.319 1740.73 160 131
105.357 613.23 31671 21 2 51.8571 465.23 107 296
890.758 1208.74 7776 5 2 850.258 1160.74 81 96
1413.47 292.513 16380 10 0 1371.47 195.013 84 195
1240.7 109.29 36292 24 0 1154.7 3.7904 172 211
430.148 1296.21 23688 15 0 359.648 1212.21 141 168
546.829 889.153 8064 5 1 515.329 825.153 63 128
1795.96 1727.27 4416 2 1 1763.96 1692.77 64 69
169.963 411.519 18104 12 1 42.4635 376.019 255 71
866.236 1860.3 50320 33 0 773.736 1724.3 185 272
1656.46 1811.97 19110 12 0 1607.46 1714.47 98 195
1309.43 1459.86 35340 23 1 1247.43 1317.36 124 285
1844.36 1343.19 12851 8 2 1753.86 1307.69 181 71
663.738 1774.76 21888 14 2 606.738 1678.76 114 192
615.964 196.97 18428 12 1 581.964 61.4704 68 271
473.958 1022.64 8535 5 1 425.459 978.637 97 88
1113.26 1035.48 18611 12 2 972.265 1002.48 282 66
1872.81 1918.22 79534 53 1 1723.31 1785.22 299 266
548.973 1815.29 9563 6 1 512.473 1749.79 73 131
1624.67 55.1347 10200 6 0 1564.67 12.6347 120 85
1690.86 1384.02 16300 10 1 1640.86 1302.52 100 163
662.172 1580.58 10428 6 0 583.172 1547.58 158 66
1195.45 548.352 16310 10 1 1078.95 513.352 233 70
1059.81 1141.21 3975 2 2 1022.31 1114.71 75 53
82.7725 1291.73 27695 18 2 10.2725 1196.23 145 191
1029.23 1440.75 19110 12 2 955.73 1375.75 147 130
