661.134 256.243 13520 9 1 557.134 223.743 208 65
1783.93 1608.32 18824 12 1 1693.43 1556.32 181 104
752.434 1668.18 16920 11 2 692.434 1597.68 120 141
128.542 1006.06 27714 18 2 35.5419 931.559 186 149
1318.73 1091.33 29302 19 0 1269.73 941.832 98 299
153.472 1733.13 30885 20 0 80.9717 1626.63 145 213
251.383 787.974 33153 22 2 186.883 659.474 129 257
502.023 104.823 36206 24 1 380.523 30.3232 243 149
427.176 1000.63 21000 14 0 357.176 925.626 140 150
1044.31 1748.09 51700 34 0 934.306 1630.59 220 235
916.157 1105.88 10488 6 1 859.157 1059.88 114 92
1246.19 1384.79 7725 5 0 1194.69 1347.29 103 75
112.247 1270.59 7986 5 1 51.7472 1237.59 121 66
432.278 546.13 17640 11 1 397.278 420.13 70 252
1581.75 251.893 71016 47 1 1449.75 117.393 264 269
1204.59 289.87 86432 57 2 1056.59 143.87 296 292
774.983 925.926 35419 23 2 697.983 810.926 154 230
1735.51 856.398 45844 30 2 1657.01 710.398 157 292
1825.42 1159.86 13664 9 2 1797.42 1037.86 56 244
1417.78 1809.19 14352 9 0 1279.78 1783.19 276 52
163.704 1388.55 9242 6 1 124.204 1330.05 79 117
656.46 1836.18 40698 27 1 523.46 1759.68 266 153
427.406 1480.18 74214 49 0 287.906 1347.18 279 266
1106.89 1216.92 56166 37 2 980.395 1105.92 253 222
333.818 1764.54 10848 7 1 285.818 1708.04 96 113
1347.43 556.837 13200 8 2 1227.43 529.337 240 55
240.448 1172.72 20479 13 0 112.449 1132.72 256 80
744.212 442.211 14196 9 2 653.212 403.211 182 78
1442.24 1501.98 21996 14 0 1371.74 1423.98 141 156
1217.96 789.969 35964 23 2 1106.96 708.969 222 162
604.547 1513.41 13200 8 1 579.547 1381.41 50 264
1642.56 1752.16 11250 7 1 1530.06 1727.16 225 50
228.593 244.814 57024 38 2 80.0928 148.814 297 192
644.278 587.864 15264 10 2 500.278 561.364 288 53
627.919 363.814 8911 5 1 561.419 330.314 133 67
1441.95 802.261 17108 11 0 1347.95 756.761 188 91
1433 1195.4 22134 14 2 1373.5 1102.4 119 186
40.6011 150.41 8849 5 1 15.6011 61.9098 50 177
1681.88 1070.13 11502 7 0 1575.38 1043.13 213 54
207.096 573.714 21576 14 2 114.096 515.714 186 116
1210.76 1039.81 10712 7 1 1159.26 987.811 103 104
1721 1452.48 52072 34 1 1579.5 1360.48 283 184
701.656 1320.99 14800 9 0 609.156 1280.99 185 80
918.345 256.784 66470 44 1 803.345 112.284 230 289
1888.64 598.84 38478 25 1 1767.64 519.34 242 159
982.152 533.618 31605 21 2 908.652 426.118 147 215
994.984 862.16 16319 10 1 898.984 819.66 192 85
1826.08 266.046 14685 9 1 1743.58 221.546 165 89
1633.48 541.502 48760 32 0 1527.48 426.502 212 230
597.125 652.473 11618 7 2 518.625 615.473 157 74
882.074 67.2235 16302 10 0 758.574 34.2235 247 66
636.508 1712.59 4466 2 0 607.508 1674.09 58 77
1452.65 898.006 7446 4 2 1379.65 872.506 146 51
517.149 494.588 3780 2 0 487.149 463.088 60 63
355.789 809.774 13452 8 1 317.789 721.274 76 177
1629.65 1835.43 11176 7 0 1566.15 1791.43 127 88
63.6987 1171.22 6384 4 2 21.6987 1133.22 84 76
1277.32 1575.62 28658 19 0 1188.32 1495.12 178 161
41.9811 732.126 10492 6 1 11.4811 646.126 61 172
849.1 704.351 25155 16 1 741.6 645.851 215 117
