595.393 475.569 13197 8 1 553.893 396.069 83 159
1462.8 307.287 5928 3 0 1410.8 278.787 104 57
890.667 1663.62 22776 15 2 838.667 1554.12 104 219
743.608 895.415 41132 27 1 652.608 782.415 182 226
602.707 1868.44 13420 8 0 575.207 1746.44 55 244
1750.62 952.16 15900 10 2 1720.62 819.66 60 265
1367.38 513.348 32760 21 1 1227.38 454.848 280 117
1021.66 1612.45 8800 5 0 996.655 1524.45 50 176
1806.8 283.256 15196 10 0 1748.8 217.756 116 131
1488.99 1672.81 18286 12 2 1447.99 1561.31 82 223
211.773 1498.42 4949 3 0 162.273 1473.42 99 50
1667.56 1410.3 10902 7 0 1588.56 1375.8 158 69
116.702 836.988 17576 11 0 85.2016 697.488 63 279
549.944 1299.41 20710 13 0 495.444 1204.41 109 190
523.261 75.4317 11867 7 2 477.261 10.9317 92 129
1817.81 1662.15 47031 31 0 1689.31 1570.65 257 183
693.095 1436.45 8142 5 1 634.095 1401.95 118 69
218.535 1165.29 18774 12 2 144.035 1102.29 149 126
1339.76 1166.49 46368 30 2 1247.76 1040.49 184 252
788.753 1523.06 9568 6 2 742.753 1471.06 92 104
335.87 619.941 38589 25 1 222.37 534.941 227 170
1511.82 142.062 53978 35 0 1374.82 43.5621 274 197
1383.06 809.502 13593 9 0 1348.56 711.002 69 197
1645.89 1174.59 5696 3 1 1613.89 1130.09 64 89
498.423 962.998 6240 4 1 438.423 936.998 120 52
202.107 197.911 19740 13 0 167.107 56.9109 70 282
975.25 534.779 35584 23 0 836.25 470.779 278 128
1019.01 1381.84 26577 17 0 970.507 1244.84 97 274
353.788 871.653 8804 5 2 322.788 800.653 62 142
187.404 1793.63 73554 49 0 37.904 1670.63 299 246
314.302 448.237 21707 14 2 233.302 381.237 162 134
1436.07 1948.84 55913 37 2 1342.57 1799.34 187 299
679.137 194.726 16524 11 2 645.137 73.2261 68 243
457.7 1802.29 35045 23 0 350.2 1720.79 215 163
1509.96 1488.12 21164 14 1 1435.96 1416.62 148 143
1615.62 421.692 34371 22 2 1515.12 336.192 201 171
892.755 1928.6 60207 40 1 786.755 1786.6 212 284
1022.73 863.233 25926 17 1 935.734 788.733 174 149
1886.02 1371.96 34944 23 2 1749.52 1307.96 273 128
1100.86 1166.83 36660 24 1 983.361 1088.83 235 156
227.364 1038.88 24816 16 1 95.3642 991.876 264 94
711.613 1138.67 13237 8 0 603.113 1108.17 217 61
617.355 1628.12 9639 6 0 576.855 1568.62 81 119
398.083 162.806 7504 5 0 331.083 134.806 134 56
335.176 1425.21 3402 2 1 308.176 1393.71 54 63
932.502 271.462 15980 10 0 838.502 228.962 188 85
1052.61 154.782 12479 8 0 956.609 122.282 192 65
591.534 662.957 12200 8 2 561.034 562.957 61 200
1036.39 373.303 8567 5 0 985.394 331.303 102 84
705.371 1311.18 32562 21 1 604.871 1230.18 201 162
1290.71 915.203 4698 3 1 1261.71 874.703 58 81
113.422 569.525 51332 34 2 6.9216 449.025 213 241
518.626 1479.3 19939 13 1 440.126 1415.8 157 127
1152.32 1684.91 29016 19 2 1090.32 1567.91 124 234
104.66 1467.9 26400 17 2 49.6597 1347.9 110 240
1494.44 1193.65 18525 12 2 1461.94 1051.15 65 285
878.381 700.371 26412 17 2 736.381 653.871 284 93
455.185 1656.25 18387 12 2 341.685 1615.75 227 81
1298.36 1472.01 20328 13 1 1214.36 1411.51 168 121
1831.61 575.613 25500 17 2 1706.61 524.613 250 102
