697.152 1649.16 36660 24 2 599.652 1555.16 195 188
762.204 781.169 61655 41 0 614.704 676.669 295 209
643.857 476.075 32340 21 0 566.857 371.075 154 210
856.543 560.885 24150 16 0 776.043 485.885 161 150
1850.93 173.011 59280 39 1 1727.43 53.0107 247 240
1170.76 1572.62 49140 32 1 1065.76 1455.62 210 234
647.73 940.121 12243 8 2 568.23 901.621 159 77
821.758 919.607 9387 6 0 747.258 888.107 149 63
1681.15 1410.71 22327 14 2 1546.65 1369.21 269 83
1219.76 74.5573 25080 16 2 1115.26 14.5573 209 120
