1703.86 1662.64 48048 32 0 1571.86 1571.64 264 182
241.691 182.432 22539 15 1 184.191 84.4325 115 196
1745.08 351.985 22311 14 1 1689.58 251.485 111 201
1339.87 1311.67 24570 16 0 1272.37 1220.67 135 182
946.106 1624.63 12654 8 1 917.606 1513.63 57 222
1305.1 286.633 12991 8 0 1276.1 174.633 58 224
571.915 329.838 33489 22 2 473.415 244.838 197 170
515.516 847.031 26000 17 1 415.516 782.031 200 130
1389.26 1046.12 38220 25 2 1315.76 916.123 147 260
142.605 855.618 44826 29 1 49.6048 735.118 186 241
321.022 439.383 84617 56 2 179.522 289.883 283 299
1405.22 1613.24 54438 36 1 1299.72 1484.24 211 258
1104.66 1703.53 67404 44 0 981.658 1566.53 246 274
769.562 1531.36 52272 34 0 661.562 1410.36 216 242
1265.9 1085.28 3744 2 2 1229.9 1059.28 72 52
48.4632 443.736 7015 4 2 17.9632 386.236 61 115
1636.22 385.312 12672 8 0 1604.22 286.312 64 198
114.678 1357.6 46662 31 2 13.6784 1242.1 202 231
1561.14 1074.58 38115 25 2 1478.64 959.081 165 231
1684.43 673.515 44036 29 0 1575.43 572.515 218 202
947.063 1060.63 20775 13 2 808.563 1023.13 277 75
606.404 1294.36 9860 6 1 577.404 1209.36 58 170
1094.27 1441.15 5390 3 0 1045.27 1413.65 98 55
1132.78 315.505 8848 5 0 1093.28 259.505 79 112
1052.21 191.018 12614 8 1 1025.71 72.0176 53 238
435.006 1512.06 24887 16 1 333.006 1451.06 204 122
1565.29 327.842 14832 9 2 1529.29 224.842 72 206
1097.69 1278.58 8479 5 1 1067.19 1209.08 61 139
1145.16 702.58 30096 20 2 1040.66 630.58 209 144
1242.57 1223.92 4950 3 1 1215.07 1178.92 55 90
