1694.48 513.471 46436 30 1 1570.98 419.471 247 188
1022.24 1116.62 40541 27 2 905.741 1029.62 233 174
200.55 141.806 15938 10 0 74.0501 110.306 253 63
1207.33 1516.73 63484 42 0 1089.33 1382.23 236 269
1407.74 155.173 60114 40 0 1278.74 38.6731 258 233
294.98 1488.2 11309 7 2 222.48 1449.2 145 78
1843.79 819.284 20560 13 0 1715.29 779.284 257 80
574.818 1626.52 19422 12 0 516.318 1543.52 117 166
768.973 879.242 5928 3 2 742.973 822.242 52 114
329.727 1628.05 12320 8 1 249.727 1589.55 160 77
136.763 1235.72 26287 17 1 1.26347 1187.22 271 97
629.768 972.12 48672 32 2 545.268 828.12 169 288
1454.53 827.782 4620 3 1 1424.53 789.282 60 77
1351.2 369.009 6784 4 2 1287.2 342.509 128 53
1061.26 902.932 44265 29 0 947.765 805.432 227 195
200.544 506.915 9647 6 0 128.544 473.415 144 67
1498.51 1674.22 21714 14 1 1421.51 1603.72 154 141
1138.61 179.253 46989 31 2 1025.11 75.753 227 207
367.617 1014.19 21239 14 0 249.617 969.189 236 90
1618.47 1143.6 17928 11 2 1576.97 1035.6 83 216
36.7008 502.578 14650 9 0 11.7008 356.078 50 293
1845.56 1554.78 14960 9 1 1760.56 1510.78 170 88
1713.73 1724.03 18204 12 2 1676.73 1601.03 74 246
404.08 1335.61 40096 26 1 292.08 1246.11 224 179
239.69 766.856 27599 18 0 164.69 674.856 150 184
1569.7 1457.3 44523 29 0 1424.2 1380.8 291 153
1288.24 1781.24 17680 11 2 1254.24 1651.24 68 260
759.469 521.586 14549 9 2 684.469 473.086 150 97
103.789 278.975 11970 7 1 8.78933 247.475 190 63
94.5904 1693.06 6380 4 2 65.5904 1638.06 58 110
