1645.46 1634.24 34800 23 2 1572.96 1514.24 145 240
1503.98 1216.31 10812 7 0 1478.48 1110.31 51 212
1701.86 353.042 21228 14 0 1640.86 266.042 122 174
1653.36 1142.61 22078 14 2 1586.86 1059.61 133 166
1126.04 1353 25208 16 1 1080.04 1216 92 274
1374.93 1870.75 15768 10 1 1320.93 1797.75 108 146
1577.54 92.2613 37260 24 2 1462.54 11.2613 230 162
1895.57 1502.58 20038 13 0 1779.07 1459.58 233 86
1459.16 256.484 27971 18 1 1329.66 202.484 259 108
1053.46 824.238 79230 52 0 910.959 685.238 285 278
853.942 1742.04 16269 10 2 760.442 1698.54 187 87
844.358 209.453 15565 10 1 816.858 67.9525 55 283
814.13 918.072 50830 33 0 729.13 768.572 170 299
1316.5 1583.56 8968 5 0 1240.5 1554.06 152 59
616.118 748.329 25125 16 1 553.618 647.829 125 201
405.667 1137.56 3808 2 1 377.667 1103.56 56 68
418.843 1651.91 31610 21 2 273.843 1597.41 290 109
184.719 673.873 23108 15 1 78.7194 619.373 212 109
1113.09 280.007 17690 11 2 968.09 249.507 290 61
1016.06 1565.68 16380 10 0 971.056 1474.68 90 182
159.127 1462.81 11040 7 2 101.627 1414.81 115 96
1347.86 1382.44 44232 29 2 1233.86 1285.44 228 194
497.533 506.152 75349 50 1 360.033 369.152 275 274
1151.65 1100.61 29412 19 2 1065.65 1015.11 172 171
1916.69 342.231 53550 35 0 1797.69 229.731 238 225
596.497 1057.23 9576 6 2 554.497 1000.23 84 114
1885.74 536.655 8925 5 2 1798.24 511.155 175 51
1757.33 1357.04 14280 9 0 1687.33 1306.04 140 102
181.062 1223.84 22774 15 0 122.062 1127.34 118 193
1454 897.26 16250 10 1 1329 864.76 250 65
