1266.79 969.297 17885 11 0 1230.29 846.797 73 245
1050.42 927.688 39149 26 2 977.923 792.688 145 270
431.259 1471.25 16168 10 1 384.259 1385.25 94 172
1134.32 139.791 9874 6 0 1094.82 77.2912 79 125
1622.8 1752.87 17990 11 0 1494.3 1717.87 257 70
1141.05 1292.02 60840 40 0 1011.05 1175.02 260 234
886.714 948.34 22425 14 2 849.214 798.84 75 299
508.019 1223.22 7018 4 0 479.019 1162.72 58 121
666.703 499.594 18574 12 0 541.203 462.593 251 74
607.517 1147.4 4590 3 1 562.517 1121.9 90 51
1452.13 729.556 36315 24 1 1317.63 662.056 269 135
1326.55 1838.07 20790 13 1 1221.55 1788.57 210 99
582.412 354.769 21330 14 2 463.912 309.769 237 90
1410.65 104.786 12906 8 0 1291.15 77.7856 239 54
221.2 955.854 10584 7 0 193.2 861.354 56 189
1321.59 1550.87 30099 20 1 1203.09 1487.37 237 127
1190.85 454.201 13349 8 2 1165.85 320.701 50 267
1659.19 191.584 20735 13 2 1586.69 120.084 145 143
413.075 692.178 40969 27 1 292.575 607.178 241 170
914.034 376.859 15288 10 0 767.034 350.859 294 52
643.894 862.459 47084 31 1 494.894 783.459 298 158
164.436 1721.19 10304 6 0 118.436 1665.19 92 112
1789.7 830.037 7918 5 0 1752.7 776.537 74 107
267.214 1240.59 6696 4 1 231.214 1194.09 72 93
1006.65 1728.93 69497 46 2 889.645 1580.43 234 297
1648.06 1489.49 21520 14 0 1608.06 1354.99 80 269
924 273.466 13158 8 2 873 208.966 102 129
152.403 1503.26 27030 18 1 67.4032 1423.76 170 159
199.021 255.354 65565 43 1 81.521 115.854 235 279
1432.63 1659.8 15903 10 2 1293.13 1631.3 279 57
1607.36 392.842 10530 7 1 1542.36 352.342 130 81
1497.77 979.133 22274 14 2 1457.27 841.633 81 275
1064.9 589.702 29524 19 2 1004.4 467.702 121 244
1759.99 1545.16 10360 6 0 1731.99 1452.66 56 185
655.277 1503.5 12852 8 1 578.777 1461.5 153 84
806.929 1600.92 4118 2 1 771.429 1571.92 71 58
1349.34 276.962 23022 15 2 1303.84 150.462 91 253
1890.33 193.807 13110 8 1 1795.33 159.307 190 69
118.289 830.135 12585 8 2 87.289 728.635 62 203
578.453 1418.22 8880 5 2 504.453 1388.22 148 60
1823.72 1238.74 16264 10 2 1785.72 1131.74 76 214
694.774 1743.33 25286 16 1 647.774 1608.83 94 269
980.694 51.0147 6205 4 0 944.194 8.51466 73 85
1648.73 1207.34 31641 21 0 1569.23 1107.84 159 199
980.817 1527.27 8550 5 2 933.317 1482.27 95 90
619.492 1063.19 12648 8 0 549.992 1017.69 139 91
1363.95 1094.35 5112 3 1 1328.45 1058.35 71 72
1834.56 1788.29 26966 17 1 1765.06 1691.29 139 194
742.941 1308.41 21520 14 1 608.441 1268.41 269 80
1611.7 917.186 9170 6 2 1576.7 851.686 70 131
386.388 479.143 14904 9 2 294.388 438.643 184 81
303.107 1106.14 5750 3 0 245.607 1081.14 115 50
1475.9 436.855 34102 22 2 1416.9 292.355 118 289
904.993 153.559 9384 6 2 853.993 107.559 102 92
548.447 157.305 24611 16 0 401.947 115.305 293 84
457.392 1629.48 4774 3 1 426.392 1590.98 62 77
1320.44 582.658 5925 3 1 1280.94 545.158 79 75
96.6989 1221.05 27673 18 2 46.1989 1084.05 101 274
455.589 1854.14 60250 40 1 330.589 1733.64 250 241
1250.48 152.541 20475 13 0 1212.98 16.0405 75 273
