721.156 493.761 20608 13 2 609.156 447.761 224 92
1366.88 781.694 20880 13 0 1246.88 738.194 240 87
203.235 588.844 23986 15 1 136.235 499.344 134 179
867.882 1681.42 18023 12 1 834.382 1546.92 67 269
1447.76 1029.89 37592 25 2 1320.76 955.895 254 148
1756.82 919.527 18920 12 1 1649.32 875.527 215 88
1893.91 128.025 53130 35 1 1778.91 12.5248 230 231
319.708 1264.53 24934 16 0 182.708 1219.03 274 91
1870.22 1172.65 27370 18 2 1751.22 1115.15 238 115
534.628 938.962 14985 9 0 479.128 871.462 111 135
