1656.93 590.201 49132 32 1 1570.43 448.201 173 284
391.071 604.703 46640 31 0 258.571 516.703 265 176
1808.63 308.148 16416 10 2 1754.63 232.148 108 152
889.56 262.389 3942 2 2 853.06 235.389 73 54
1422.54 172.471 30132 20 0 1301.04 110.471 243 124
53.2053 1644.09 4958 3 1 16.2053 1610.59 74 67
981.186 1902.77 15528 10 0 954.686 1756.27 53 293
872.169 1738.19 10092 6 2 828.669 1680.19 87 116
1369.54 1784.8 73392 48 0 1237.54 1645.8 264 278
1631.62 1333.33 8736 5 0 1553.62 1305.33 156 56
578.04 860.468 26455 17 2 506.54 767.968 143 185
700.156 443.76 10640 7 1 633.656 403.76 133 80
1058.47 369.287 36019 24 2 958.971 278.787 199 181
1536.8 1118.1 41032 27 2 1444.8 1006.6 184 223
266.293 1625.18 27260 18 1 121.293 1578.18 290 94
789.964 1857.63 17955 11 2 758.464 1715.13 63 285
348.817 148.846 27955 18 0 290.817 28.3456 116 241
1437.97 642.109 31980 21 1 1355.97 544.609 164 195
729 208.302 45510 30 2 618 105.802 222 205
1029.69 596.331 51256 34 0 880.691 510.331 298 172
926.771 1425.84 20916 13 0 863.771 1342.84 126 166
312.075 1327.08 5192 3 0 268.075 1297.58 88 59
1607.3 1706.41 23542 15 1 1567.8 1557.41 79 298
353.091 1249.33 4875 3 0 320.591 1211.83 65 75
552.09 1470.47 32482 21 0 477.59 1361.47 149 218
918.375 1142.58 70890 47 2 790.875 1003.58 255 278
165.215 244.56 29337 19 1 49.7147 181.06 231 127
1216.18 1201.14 15498 10 2 1121.68 1160.14 189 82
1078.72 804.907 10000 6 2 1010.22 768.407 137 73
50.5496 666.188 8109 5 0 25.0496 586.688 51 159
