658.524 1384.47 19250 12 2 581.524 1321.97 154 125
1313.94 1447.01 12614 8 2 1260.94 1387.51 106 119
851.972 1828.3 33410 22 0 723.472 1763.3 257 130
1758.99 267.061 46200 30 0 1658.99 151.561 200 231
1844.7 1754.88 31008 20 2 1708.7 1697.88 272 114
1401.51 1118.1 15232 10 1 1367.51 1006.1 68 224
1220.28 529.84 12939 8 0 1191.78 416.34 57 227
1258.81 1154.67 19200 12 1 1218.81 1034.67 80 240
783.309 911.54 21931 14 1 737.809 791.04 91 241
471.442 534.977 20910 13 1 348.442 492.477 246 85
784.234 1145.66 5520 3 2 754.234 1099.66 60 92
276.218 568.351 10578 7 0 240.718 493.851 71 149
1231.09 829.643 58426 38 0 1100.09 718.143 262 223
1882.82 431.113 17816 11 2 1751.82 397.113 262 68
178.153 1609.74 30141 20 2 79.6533 1533.24 197 153
841.922 1536.52 25090 16 1 776.922 1440.02 130 193
338.242 1487.75 12160 8 0 258.242 1449.75 160 76
1033.82 190.918 33132 22 0 908.322 124.918 251 132
277.927 1876.55 58176 38 0 133.927 1775.55 288 202
442.79 825.51 13500 9 1 415.79 700.51 54 250
1498.76 1149.88 15900 10 0 1448.76 1070.38 100 159
208.458 1381.78 16264 10 2 170.458 1274.78 76 214
1558.58 811.919 31980 21 2 1493.58 688.919 130 246
1696.22 1291.36 74256 49 2 1560.22 1154.86 272 273
655.519 286.952 31620 21 1 528.019 224.952 255 124
1154.83 595.058 10293 6 2 1118.33 524.558 73 141
1806.89 1028.29 55776 37 1 1682.39 916.288 249 224
938.434 53.1144 12513 8 1 873.934 4.6144 129 97
761.908 734.892 19691 13 2 660.408 686.392 203 97
237.548 1217.1 9898 6 1 187.048 1168.1 101 98
