688.089 698.166 43180 28 0 561.089 613.166 254 170
1072.34 1798.21 10787 7 1 1038.84 1717.71 67 161
600.181 1747.91 33562 22 1 513.681 1650.91 173 194
1226.09 1019.01 11700 7 0 1188.59 941.008 75 156
351.312 926.479 28998 19 1 261.812 845.479 179 162
1542.98 313.526 12400 8 1 1511.98 213.526 62 200
1800.87 1601.62 14091 9 1 1762.37 1510.12 77 183
522.121 857.62 3835 2 0 489.621 828.12 65 59
1557.55 1545.72 6426 4 2 1530.55 1486.22 54 119
1345.13 1767.69 44820 29 1 1210.13 1684.69 270 166
1042.05 856.208 21975 14 1 1001.05 722.208 82 268
579.469 375.819 35391 23 2 453.969 305.319 251 141
1369.53 561.906 53040 35 0 1233.53 464.406 272 195
268.247 1565.27 50552 33 0 179.247 1423.27 178 284
1116.08 1145.09 11563 7 0 1018.08 1115.59 196 59
1367.22 1488.14 68728 45 2 1246.22 1346.14 242 284
876.701 301.496 43488 28 0 732.701 225.996 288 151
595.808 512.639 6962 4 0 566.308 453.639 59 118
1054.79 1455.73 5576 3 1 1013.79 1421.73 82 68
1208.29 733.269 26462 17 2 1107.29 667.769 202 131
1478.82 1060.47 48094 32 2 1339.82 973.968 278 173
663.543 1015.01 29945 19 2 594.543 906.51 138 217
1779.78 685.931 23798 15 0 1706.78 604.431 146 163
1110.77 1298.72 21714 14 1 1040.27 1221.72 141 154
1587.32 1203.67 21583 14 0 1491.82 1147.17 191 113
255.779 1884.8 47376 31 0 161.779 1758.8 188 252
150.379 204.157 12276 8 1 103.879 138.157 93 132
804.709 1290.74 17472 11 1 668.209 1258.74 273 64
730.249 1549.9 21150 14 2 659.749 1474.9 141 150
453.649 1128.01 16541 11 0 384.149 1068.51 139 119
134.095 1552.2 4661 3 2 94.5952 1522.7 79 59
1064.67 527.344 48380 32 2 917.167 445.344 295 164
201.677 712.008 33440 22 1 97.177 632.008 209 160
1800.14 1330.94 25758 17 2 1719.14 1251.44 162 159
1269.49 831.312 10980 7 0 1177.99 801.312 183 60
1658.98 280.227 4758 3 0 1619.98 249.727 78 61
1585.22 1749.07 11826 7 0 1544.72 1676.07 81 146
281.425 1084.32 12859 8 2 197.925 1045.82 167 77
812.019 112.796 9672 6 0 734.019 81.7957 156 62
513.529 546.901 4026 2 2 483.029 513.901 61 66
1852.01 160.874 18752 12 1 1705.51 128.874 293 64
835.961 1920.77 21203 14 0 797.961 1781.27 76 279
1891.5 1072.4 43228 28 1 1790.5 965.398 202 214
491.382 1418.68 10098 6 1 397.882 1391.68 187 54
1799.4 333.852 51023 34 0 1700.9 204.352 197 259
828.153 1066.24 8470 5 0 800.653 989.239 55 154
1649.31 522.927 25654 17 0 1522.31 472.427 254 101
1309.69 125.062 33972 22 1 1160.69 68.0624 298 114
1359.8 238.082 21924 14 0 1258.3 184.082 203 108
1684.97 1736.12 14664 9 0 1645.97 1642.12 78 188
85.6483 1843.46 23443 15 2 26.1483 1744.96 119 197
219.579 476.125 32631 21 0 145.079 366.625 149 219
762.79 44.6235 10787 7 0 675.79 13.6235 174 62
944.25 1535.39 11564 7 1 885.25 1486.39 118 98
1717.93 842.14 3599 2 0 1688.43 811.64 59 61
446.373 770.221 17712 11 1 364.373 716.221 164 108
52.9845 1302.97 6976 4 2 20.9845 1248.47 64 109
346.527 234.047 22848 15 0 287.027 138.047 119 192
566.365 148.563 8064 5 1 502.365 117.063 128 63
1553.2 716.366 14925 9 0 1453.7 678.866 199 75
