657.824 517.665 39246 26 1 564.824 412.165 186 211
233.535 1811.1 26779 17 1 168.535 1708.1 130 206
378.059 1820.22 16590 11 0 343.059 1701.72 70 237
1533.21 1319.31 24192 16 2 1389.21 1277.31 288 84
1296.86 1632.24 31122 20 2 1233.86 1508.74 126 247
1112.98 1647.23 39116 26 2 1002.48 1558.73 221 177
120.314 218.73 5939 3 1 75.3136 185.73 90 66
1820.87 598.454 3927 2 1 1782.37 572.954 77 51
1730.96 1649.84 34391 22 2 1671.46 1505.34 119 289
1240.3 1119.27 16660 11 1 1121.3 1084.27 238 70
870.064 878.093 24255 16 1 754.564 825.593 231 105
373.509 362.844 27417 18 1 318.009 239.344 111 247
1699.64 780.586 10976 7 2 1601.64 752.586 196 56
408.612 977.338 63071 42 2 299.112 833.338 219 288
1698.33 318.112 14943 9 1 1672.83 171.612 51 293
1473.42 360.761 4698 3 1 1444.42 320.261 58 81
170.499 553.535 84318 56 1 29.4992 404.035 282 299
1253.88 1260.42 25844 17 0 1182.88 1169.42 142 182
781.311 1427.48 14820 9 1 703.311 1379.98 156 95
1241.26 1002.14 6612 4 0 1203.26 958.641 76 87
465.934 711.33 9327 6 0 412.934 667.33 106 88
1694.12 605.254 15925 10 1 1661.62 482.754 65 245
1518.74 609.768 34888 23 0 1420.74 520.768 196 178
1759.86 1292.79 9585 6 1 1724.36 1225.29 71 135
1089.55 275.806 41700 27 1 996.051 164.306 187 223
1056.44 1113.4 27360 18 2 996.435 999.402 120 228
1525.79 460.136 6642 4 2 1484.79 419.636 82 81
1865.73 1858.96 31654 21 1 1799.23 1739.96 133 238
1607.35 362.64 8964 5 2 1553.35 321.14 108 83
193.189 1516.94 54468 36 0 91.1893 1383.44 204 267
937.998 1643.64 16531 11 0 907.498 1508.14 61 271
1311.31 106.892 15015 10 1 1213.81 68.392 195 77
1328.46 821.49 15429 10 1 1258.96 765.99 139 111
788.335 234.276 19178 12 1 745.335 122.776 86 223
1919.55 1019.44 28408 18 2 1785.55 966.442 268 106
636.691 204.482 31070 20 1 571.691 84.9818 130 239
649.385 917.106 16490 10 2 564.385 868.606 170 97
481.027 1790.21 20482 13 0 414.527 1713.21 133 154
1507.95 1079.73 30081 20 0 1372.45 1024.23 271 111
694.869 1790 12480 8 1 614.869 1751 160 78
838.036 1614.16 9944 6 0 781.536 1570.16 113 88
512.449 383.889 24948 16 0 470.449 235.389 84 297
689.163 1094.7 35154 23 1 549.663 1031.7 279 126
522.36 1540.81 25675 17 2 473.36 1409.81 98 262
615.44 1257.05 28490 18 1 485.94 1202.05 259 110
1648.19 930.837 31635 21 0 1562.69 838.337 171 185
1364.1 426.167 20090 13 0 1315.1 323.667 98 205
166.414 1303.95 29382 19 2 41.9141 1244.95 249 118
944.878 662.85 80631 53 2 800.378 523.35 289 279
1260.8 569.138 9088 6 2 1189.8 537.138 142 64
1596.69 1412.4 20164 13 2 1454.69 1376.9 284 71
1519.72 200.77 21504 14 2 1407.72 152.77 224 96
188.191 894.215 20988 13 1 135.191 795.215 106 198
434.167 111.411 16200 10 0 299.167 81.4112 270 60
1495.2 1719.11 25990 17 1 1380.2 1662.61 230 113
895.382 459.467 27621 18 1 755.882 409.967 279 99
1065.89 1368.8 15120 10 2 1034.39 1248.8 63 240
945.683 1350.88 4320 2 1 915.683 1314.88 60 72
902.844 184.989 10283 6 2 857.344 128.489 91 113
1122.27 51.1021 5265 3 2 1089.77 10.6021 65 81
