706.847 1196.95 45792 30 1 562.847 1117.45 288 159
1427.36 1720.9 11781 7 0 1395.86 1627.4 63 187
525.435 1708.64 12462 8 0 432.435 1675.14 186 67
1822.21 1379.59 46866 31 0 1712.71 1272.59 219 214
1562.55 1224.42 7420 4 2 1536.05 1154.42 53 140
136.312 156.02 9964 6 1 109.812 62.0197 53 188
769.218 869.08 23355 15 0 701.718 782.58 135 173
190.341 517.058 82075 54 0 48.3413 372.558 284 289
1122.52 1872.56 21303 14 1 1082.02 1741.06 81 263
1093.75 797.982 24111 16 1 1008.25 727.482 171 141
559.456 1465.4 46629 31 0 410.956 1386.9 297 157
1245.16 471.068 86724 57 0 1099.16 322.568 292 297
1684.03 290.07 6731 4 1 1620.53 263.57 127 53
229.198 1054.47 13674 9 1 100.198 1027.97 258 53
805.015 1798.11 9699 6 1 778.515 1706.61 53 183
99.8499 940.954 30560 20 2 8.34986 857.454 183 167
952.668 1641.03 7209 4 0 912.168 1596.53 81 89
1023.21 1299.64 77741 51 2 888.711 1155.14 269 289
668.023 221.394 11573 7 2 586.523 185.894 163 71
466.808 290.01 18399 12 2 409.308 210.01 115 160
1247.17 1404.7 30240 20 1 1177.17 1296.7 140 216
605.863 883.231 42636 28 0 512.363 769.231 187 228
762.199 487.913 10486 6 1 713.199 434.413 98 107
896.867 119.011 6889 4 2 855.367 77.5109 83 83
1616.62 1626.46 21070 14 2 1573.62 1503.96 86 245
1711.44 621.275 8778 5 0 1672.94 564.275 77 114
1870.81 884.149 12246 8 0 1792.31 845.149 157 78
350.971 1337.52 20114 13 0 237.971 1293.02 226 89
1747.62 486.065 23940 15 0 1662.12 416.065 171 140
1526.21 795.811 14430 9 2 1487.21 703.311 78 185
399.54 558.304 4680 3 2 354.54 532.304 90 52
1879.62 1136.64 49087 32 1 1784.12 1008.14 191 257
1815.14 1856.65 61937 41 0 1694.64 1728.15 241 257
1364.57 1044.45 54879 36 2 1224.57 946.446 280 196
235.403 1554.87 14949 9 0 170.403 1497.37 130 115
1105.56 1104.09 13072 8 0 1029.56 1061.09 152 86
737.092 1056.19 25875 17 2 624.592 998.688 225 115
1285.56 1815.41 39856 26 1 1191.56 1709.41 188 212
1571.86 502.432 29865 19 1 1503.36 393.432 137 218
1225.68 119.873 29904 19 0 1141.68 30.8725 168 178
390.451 948.686 14104 9 0 308.451 905.686 164 86
760.154 310.401 9936 6 2 668.154 283.401 184 54
1484.95 241.501 29119 19 1 1372.95 176.501 224 130
1710 1110.7 3300 2 2 1682.5 1080.7 55 60
1584.01 95.2293 6585 4 0 1539.51 58.2293 89 74
222.604 1737.87 20410 13 2 157.604 1659.37 130 157
674.641 99.1213 14949 9 0 625.141 23.6213 99 151
401.007 1938.99 57525 38 0 303.507 1791.49 195 295
936.043 1848.42 30666 20 2 879.043 1713.92 114 269
548.316 81.6362 4649 3 0 501.816 56.6362 93 50
1870.22 243.655 14940 9 1 1780.22 202.155 180 83
68.2123 1342.52 9768 6 0 35.2123 1268.52 66 148
1401.93 1486 11328 7 0 1369.93 1397.5 64 177
349.677 41.2053 7100 4 0 278.677 16.2053 142 50
1171.69 994.492 11627 7 1 1120.69 937.492 102 114
695.848 1901.25 15890 10 0 660.848 1787.75 70 227
1285.38 746.561 14097 9 1 1221.88 691.061 127 111
617.747 1845.63 10706 7 2 591.247 1744.63 53 202
560.987 1593.34 12282 8 0 471.987 1558.84 178 69
1839.03 164.208 10492 6 0 1753.03 133.708 172 61
