1703.06 1596.78 72240 48 2 1574.06 1456.78 258 280
1100.15 450.137 58140 38 2 972.649 336.137 255 228
1659.08 354.544 19832 13 2 1592.08 280.544 134 148
166.242 974.044 19629 13 1 101.242 898.544 130 151
1305.98 965.375 11938 7 0 1242.48 918.375 127 94
1444.81 1654.86 10744 7 2 1365.81 1620.86 158 68
791.619 1646.29 38360 25 1 651.619 1577.79 280 137
1776.61 807.566 4697 3 2 1746.11 769.066 61 77
374.532 495.364 19040 12 1 340.532 355.364 68 280
1262.81 1318.9 57856 38 2 1149.81 1190.9 226 256
768.24 248.888 41478 27 1 675.24 137.388 186 223
1430.81 384.024 48614 32 1 1321.81 272.524 218 223
900.003 1161.68 10920 7 0 809.003 1131.68 182 60
1541.07 839.126 9540 6 0 1514.57 749.126 53 180
1430.49 955.407 11067 7 0 1383.99 895.907 93 119
954.708 1816.46 32600 21 1 854.707 1734.96 200 163
924.026 1507.75 25160 16 2 831.526 1439.75 185 136
543.94 900.188 58695 39 0 407.44 792.688 273 215
813.376 457.248 8470 5 2 785.876 380.248 55 154
1248.98 1724.02 23206 15 0 1207.98 1582.52 82 283
528.842 610.438 54488 36 2 430.842 471.438 196 278
1710.08 989.539 28512 19 1 1602.08 923.539 216 132
1147.19 645.517 3596 2 2 1116.19 616.517 62 58
227.168 1817.3 31500 21 0 137.168 1729.8 180 175
984.413 115.437 3710 2 1 949.413 88.937 70 53
1869.19 663.779 22960 15 0 1729.19 622.779 280 82
1894.77 345.254 55695 37 2 1776.27 227.754 237 235
1529.87 1307.61 26320 17 0 1389.87 1260.61 280 94
314.104 1127.2 7076 4 2 285.104 1066.2 58 122
454.227 1707.78 35280 23 2 328.227 1637.78 252 140
