1684.75 1088.99 61425 40 1 1572.25 952.489 225 273
745.638 527.392 52520 35 2 615.638 426.392 260 202
1733.82 393.819 33275 22 1 1673.32 256.319 121 275
1486.18 613.967 20492 13 1 1377.18 566.967 218 94
406.234 1531.42 16146 10 0 371.734 1414.42 69 234
811.506 811.671 46272 30 1 691.006 715.671 241 192
1406.4 416.997 43218 28 2 1332.9 269.997 147 294
424.39 1273.13 7178 4 2 387.39 1224.63 74 97
934.507 177.583 44814 29 2 789.007 100.583 291 154
517.321 1770.5 14040 9 1 452.321 1716.5 130 108
797.902 1366.35 37625 25 2 690.402 1278.85 215 175
1427.62 58.8467 20377 13 2 1284.12 23.3467 287 71
1111.36 1506.75 49914 33 2 1022.86 1365.75 177 282
516.388 854.919 44226 29 2 421.888 737.919 189 234
1506.7 1478.94 9792 6 2 1458.7 1427.94 96 102
742.244 975.828 22304 14 1 660.244 907.828 164 136
1307.61 1803.11 67480 44 2 1187.11 1663.11 241 280
450.804 647.302 32200 21 2 350.804 566.802 200 161
531.817 334.59 15679 10 0 496.817 222.59 70 224
301.608 1899.35 30621 20 1 240.608 1773.85 122 251
184.095 1057.38 18258 12 2 94.5952 1006.38 179 102
978.189 845.78 19250 12 1 939.689 720.78 77 250
150.142 581.137 30099 20 1 31.6416 517.637 237 127
1555.12 805.555 71189 47 2 1426.62 667.055 257 277
950.606 1021.95 8855 5 1 868.606 994.952 164 54
1601.71 211.61 23688 15 0 1531.21 127.61 141 168
942.193 475.161 13630 9 0 895.193 402.661 94 145
98.3789 1396 25935 17 2 0.878933 1329.5 195 133
149.49 83.0208 7800 5 0 74.4896 57.0208 150 52
1518.05 1740.64 17161 11 1 1452.55 1675.14 131 131
