642.884 699.452 7448 4 1 593.884 661.452 98 76
994.223 668.53 20664 13 2 912.223 605.53 164 126
879.856 426.174 28090 18 2 826.856 293.674 106 265
1617.53 1384.08 20664 13 2 1576.53 1258.08 82 252
123.179 1338.65 15263 10 1 87.1792 1232.65 72 212
1178.13 1834.29 24219 16 2 1028.63 1793.79 299 81
1905.9 504.422 19856 13 2 1769.9 467.922 272 73
681.352 1300.46 24830 16 2 616.352 1204.96 130 191
893.047 1602.63 57600 38 0 780.547 1474.63 225 256
602.944 1102.33 23904 15 0 519.944 1030.33 166 144
1329.34 1675.64 15045 10 1 1181.84 1650.14 295 51
602.25 199.453 21613 14 0 551.75 92.4528 101 214
410.276 792.205 10335 6 2 377.776 712.705 65 159
1568.9 1629.13 14514 9 2 1509.9 1567.63 118 123
1253.63 495.963 44849 29 0 1156.13 380.963 195 230
90.2333 536.14 10251 6 2 13.7333 502.64 153 67
811.818 1083.66 11005 7 1 776.318 1006.16 71 155
415.415 1467.23 15392 10 2 267.415 1441.23 296 52
297.585 1846.05 43433 28 1 169.085 1761.55 257 169
1262.99 1524.48 16946 11 2 1148.49 1487.48 229 74
1687.87 578.043 42005 28 0 1610.37 442.543 155 271
304.387 622.033 15180 10 0 269.887 512.033 69 220
955.649 1297.92 17728 11 2 923.649 1159.42 64 277
659.47 508.155 15022 10 0 630.47 378.655 58 259
567.684 818.626 17792 11 2 503.684 749.126 128 139
372.972 146.209 21460 14 0 335.972 1.20853 74 290
1673.91 958.747 27224 18 0 1591.91 875.747 164 166
294.246 1156.48 17024 11 1 238.246 1080.48 112 152
945.983 1044.77 43007 28 0 849.983 932.768 192 224
151.914 944.969 27018 18 2 66.4144 865.969 171 158
