609.502 705.626 9256 6 1 583.502 616.626 52 178
1054.54 1602.19 23955 15 2 1001.54 1489.19 106 226
1424.63 203.319 25300 16 2 1298.13 153.319 253 100
1539.8 1545.56 24000 16 1 1439.8 1485.56 200 120
1676.43 1809.18 6426 4 1 1649.43 1749.68 54 119
1299.08 951.617 28322 18 2 1180.08 892.117 238 119
1081.9 401.175 15875 10 2 1019.4 337.675 125 127
1388.85 568.567 16170 10 1 1273.35 533.567 231 70
264.575 1463.85 39990 26 0 135.575 1386.35 258 155
1393.56 1809.74 18590 12 2 1338.56 1725.24 110 169
1836.97 1367.79 17424 11 2 1748.97 1318.29 176 99
1767.03 401.673 8024 5 1 1699.03 372.173 136 59
857.645 222.587 16367 10 1 811.145 134.587 93 176
1516.47 1035.14 36783 24 0 1424.97 934.635 183 201
1832.08 834.307 30621 20 0 1743.58 747.807 177 173
106.672 1809.71 16625 11 2 19.1717 1762.21 175 95
660.321 1769.86 39900 26 1 555.321 1674.86 210 190
184.728 166.943 26244 17 0 63.2282 112.943 243 108
841.969 1050.47 26377 17 0 787.469 929.472 109 242
1087.32 1295.39 15604 10 1 1045.82 1201.39 83 188
773.357 1410.87 23700 15 2 694.357 1335.87 158 150
814.608 628.977 15456 10 1 780.108 516.977 69 224
1022.72 699.698 17238 11 2 971.715 615.198 102 169
1806.17 1167.7 6448 4 0 1780.17 1105.7 52 124
837.241 59.7411 7797 5 2 802.741 3.24107 69 113
700.89 460.962 3536 2 1 666.89 434.962 68 52
402.184 1115.3 25974 17 1 346.684 998.303 111 234
1782.8 652.848 17907 11 2 1719.3 582.348 127 141
1356.35 662.505 18450 12 0 1253.85 617.505 205 90
242.629 503.095 75141 50 0 116.129 354.595 253 297
