624.071 200.664 5568 3 1 592.071 157.164 64 87
648.711 745.84 18700 12 2 555.211 695.84 187 100
954.603 340.448 13206 8 1 908.103 269.448 93 142
417.473 292.546 23684 15 2 355.473 197.046 124 191
1208.88 1238.04 16680 11 1 1148.88 1168.54 120 139
1608.51 1416.26 38781 25 2 1539.01 1276.76 139 279
1834.6 383.283 46740 31 2 1732.1 269.283 205 228
1700.14 282.337 13550 9 2 1675.14 146.837 50 271
649.737 1466.43 10944 7 0 611.737 1394.43 76 144
1604.21 1106.96 60776 40 1 1497.21 964.959 214 284
1154.85 1484.34 25704 17 1 1052.85 1421.34 204 126
1321.97 863.393 46452 30 1 1174.97 784.393 294 158
411.481 1266.55 18480 12 0 295.981 1226.55 231 80
140.269 1863.3 43700 29 0 25.2693 1768.3 230 190
1184.42 601.141 12800 8 1 1056.42 576.141 256 50
207.085 1009.37 28425 18 0 90.585 948.369 233 122
1211.24 108.005 9638 6 0 1180.74 29.0048 61 158
785.64 646.503 10360 6 2 757.64 554.003 56 185
898.767 1127.61 13568 9 1 834.767 1074.61 128 106
1824.35 643.308 5355 3 2 1798.85 590.808 51 105
220.843 209.378 26471 17 2 92.3429 157.878 257 103
388.598 1443.39 39396 26 2 315.098 1309.39 147 268
311.2 513.804 9088 6 1 247.2 478.304 128 71
1436.12 1679.33 34749 23 1 1377.62 1530.83 117 297
845.951 134.789 13860 9 1 818.451 8.78933 55 252
1040.44 946.897 26623 17 0 976.44 842.897 128 208
1794.84 842.432 13284 8 0 1740.84 780.932 108 123
587.737 1008.31 10557 7 2 484.237 982.812 207 51
1153.69 1929.06 37037 24 1 1082.19 1799.56 143 259
591.751 1802.74 14040 9 2 546.751 1724.74 90 156
