1342.61 1081.89 53253 35 1 1251.11 936.393 183 291
929.835 860.928 18531 12 1 799.335 825.428 261 71
1266.82 1782.91 11700 7 1 1241.82 1665.91 50 234
1891.85 1828.47 30550 20 2 1774.35 1763.47 235 130
571.132 1394.94 17199 11 2 434.632 1363.44 273 63
1341.91 298.527 36576 24 2 1278.41 154.527 127 288
258.947 522.133 13475 8 1 171.447 483.633 175 77
548.101 722.673 11088 7 2 506.101 656.673 84 132
518.473 1808.37 21600 14 0 458.473 1718.37 120 180
1554.43 1322.58 24704 16 0 1457.93 1258.58 193 128
837.682 507.684 48674 32 1 690.182 425.184 295 165
1665.52 1468.12 10731 7 0 1592.02 1431.62 147 73
265.886 1014.77 49256 32 0 171.886 883.767 188 262
1107.96 493.013 29430 19 2 998.962 425.513 218 135
895.558 1289.29 39271 26 0 809.058 1175.79 173 227
1096.47 1630.69 21209 14 2 1012.97 1567.19 167 127
1689.27 1609.86 24875 16 1 1589.77 1547.36 199 125
1793.43 442.121 32079 21 2 1648.93 386.621 289 111
677.748 1237.9 9975 6 1 640.248 1171.4 75 133
80.932 1110.43 15379 10 1 35.432 1025.93 91 169
1808.06 951.12 28564 19 1 1711.56 877.12 193 148
1217.79 1415.95 23595 15 0 1146.29 1333.45 143 165
885.222 76.2864 7952 5 0 814.222 48.2864 142 56
1030.4 1330.36 9610 6 2 999.402 1252.86 62 155
368.107 1539.99 65855 43 0 221.107 1427.99 294 224
934.068 277.106 34706 23 0 867.068 147.606 134 259
1515.69 1112.25 10692 7 0 1488.69 1013.25 54 198
349.139 215.132 32832 21 2 277.139 101.132 144 228
494.867 1300.11 14896 9 0 418.867 1251.11 152 98
1492.7 761.52 16510 11 2 1365.7 729.02 254 65
165.399 334.016 15912 10 2 87.3989 283.016 156 102
122.739 1893.56 13516 9 2 91.7386 1784.56 62 218
446.909 451.22 11076 7 1 375.909 412.22 142 78
126.178 706.026 36520 24 0 43.1776 596.026 166 220
780.07 1564.68 24198 16 1 724.57 1455.68 111 218
590.193 1079.85 17762 11 2 483.193 1038.35 214 83
645.542 233.625 34404 22 0 575.042 111.624 141 244
1326.7 577.268 26299 17 1 1267.2 466.768 119 221
1607.55 139.874 8580 5 2 1574.55 74.8741 66 130
784.896 687.882 22372 14 0 690.896 628.382 188 119
149.036 1467.47 13938 9 0 114.536 1366.47 69 202
1415.6 1467.48 9450 6 0 1388.6 1379.98 54 175
77.9355 923.624 4884 3 0 44.9355 886.624 66 74
897.638 1771.91 14300 9 1 767.638 1744.41 260 55
359.031 1902.78 24424 16 0 316.031 1760.78 86 284
153.633 182.49 14697 9 1 47.1328 147.99 213 69
1678.74 639.081 15145 10 0 1646.24 522.581 65 233
1104.94 201.727 21890 14 0 1005.44 146.727 199 110
637.393 491.588 7314 4 2 602.893 438.588 69 106
1353.57 1339 9996 6 1 1328.07 1241 51 196
1452.55 851.494 9558 6 1 1364.05 824.494 177 54
279.372 761.061 25325 16 0 212.372 666.561 134 189
1813.63 1268.15 19321 12 2 1744.13 1198.65 139 139
1002 658.075 21470 14 1 907.004 601.575 190 113
1130.18 802.59 16072 10 1 1102.18 659.09 56 287
573.214 901.083 43247 28 1 437.214 821.583 272 159
663.698 1774.25 15423 10 1 615.198 1694.75 97 159
1411.53 1841.14 11128 7 2 1385.53 1734.14 52 214
1138.81 1035.95 14805 9 2 1086.31 965.453 105 141
259.068 1228.04 11300 7 1 146.068 1203.04 226 50
