612.269 576.069 15120 10 2 540.269 523.569 144 105
1317.93 1740.41 22311 14 2 1217.43 1684.91 201 111
1565.17 1436.26 28776 19 0 1456.17 1370.26 218 132
593.567 1139.38 28560 19 2 509.067 1054.88 169 169
1839.46 348.346 65723 43 0 1724.96 204.846 229 287
725.118 1471.88 43218 28 1 578.118 1398.38 294 147
932.348 1439.84 19926 13 0 891.348 1318.34 82 243
660.78 802.15 32936 21 0 568.78 712.65 184 179
331.413 479.424 46786 31 2 252.913 330.424 157 298
1424.23 1032.82 15936 10 2 1392.23 908.322 64 249
1251.51 1398.34 50616 33 2 1166.01 1250.34 171 296
1647.05 686.623 9460 6 1 1604.05 631.623 86 110
1799.77 769.661 12328 8 0 1707.77 736.161 184 67
1508.34 1200.84 3245 2 2 1480.84 1171.34 55 59
1857.35 1445.44 31350 20 0 1719.85 1388.44 275 114
1819.81 1070.41 17834 11 0 1699.31 1033.41 241 74
770.886 583.612 26375 17 0 686.886 505.112 168 157
1912.08 1292.1 42453 28 1 1778.58 1212.6 267 159
389.01 180.023 40432 26 2 313.01 47.0229 152 266
1734.71 1697.74 35802 23 0 1624.21 1616.74 221 162
1784.33 884.776 17548 11 1 1677.33 843.776 214 82
465.176 1632.46 13824 9 0 411.176 1568.46 108 128
1150.3 1128.77 11968 7 1 1062.3 1094.77 176 68
1268.2 195.978 13356 8 2 1188.7 153.978 159 84
284.998 1051.79 18956 12 1 240.498 945.293 89 213
1532.48 768.378 7100 4 0 1507.48 697.378 50 142
618.405 1824.92 22172 14 1 572.405 1704.42 92 241
1043.48 987.758 38940 25 1 933.482 899.258 220 177
217.191 1857.88 23452 15 0 135.191 1786.38 164 143
1280.7 1009.06 5016 3 0 1242.7 976.055 76 66
639.35 274.271 19398 12 2 547.85 221.271 183 106
851.593 1145.04 36320 24 1 771.593 1031.54 160 227
217.839 1414.82 41989 27 2 112.339 1315.32 211 199
1083.49 1200.78 16298 10 1 942.985 1171.78 281 58
1139.8 1911.94 25152 16 2 1091.8 1780.94 96 262
1754.61 112.937 29638 19 1 1653.11 39.9365 203 146
756.804 99.8098 22697 15 0 659.804 41.3099 194 117
1554.91 1053.9 10030 6 1 1469.91 1024.4 170 59
238.23 750.707 23780 15 2 156.23 678.207 164 145
67.0888 982.986 17108 11 1 21.5888 888.986 91 188
982.902 657.909 7725 5 1 945.402 606.409 75 103
191.292 392.57 8181 5 1 150.792 342.07 81 101
1325.39 463.282 19680 13 0 1245.39 401.782 160 123
782.456 1775.78 13528 9 2 744.456 1686.78 76 178
1417.29 640.993 14497 9 1 1362.79 574.493 109 133
1211.84 903.847 6976 4 1 1157.34 871.847 109 64
76.3331 1196.72 7847 5 0 9.83306 1167.22 133 59
382.953 1904.59 16614 11 0 347.453 1787.59 71 234
1575.12 1295.74 13552 9 1 1514.62 1239.74 121 112
1481.47 65.9373 9213 6 2 1439.97 10.4373 83 111
489.377 777.176 21679 14 1 422.877 695.676 133 163
1580.43 349.544 9322 6 0 1521.43 310.044 118 79
1092.61 1560.16 15895 10 0 1050.11 1466.66 85 187
1006.5 1902.81 43061 28 0 931.999 1758.31 149 289
1250.2 755.174 10137 6 2 1203.7 700.674 93 109
1024.45 561.328 5658 3 0 989.953 520.328 69 82
636.867 1268.82 8316 5 0 570.867 1237.32 132 63
166.336 263.206 12604 8 1 97.8362 217.206 137 92
940.08 235.354 37762 25 0 861.08 115.854 158 239
1399.52 867.151 9216 6 1 1327.52 835.151 144 64
