670.197 1207.24 12367 8 1 595.697 1165.74 149 83
1348.79 591.275 24168 16 1 1269.29 515.275 159 152
804.61 387.344 16402 10 1 745.61 317.844 118 139
1494.21 1003.7 51947 34 2 1403.71 860.201 181 287
1217.32 221.836 23113 15 1 1090.32 176.336 254 91
1200.06 1418.03 58426 38 0 1088.56 1287.03 223 262
1510.48 126.805 11736 7 0 1428.98 90.8048 163 72
168.441 300.667 41591 27 0 68.9413 196.167 199 209
1903.21 1235.39 80372 53 2 1761.71 1093.39 283 284
1302.84 1739.77 14204 9 2 1249.84 1672.77 106 134
576.432 728.242 26334 17 1 471.932 665.242 209 126
354.484 1595.59 22932 15 2 256.484 1537.09 196 117
1192.99 753.156 28202 18 2 1133.99 633.656 118 239
1781.69 874.111 27032 18 2 1719.69 765.111 124 218
1700.31 1760.68 58806 39 2 1601.31 1612.18 198 297
88.2426 681.225 10413 6 2 47.2427 617.725 82 127
1774.1 597.881 48024 32 2 1643.6 505.881 261 184
948.057 1339.51 15996 10 1 917.057 1210.51 62 258
607.642 1369.88 3650 2 0 571.142 1344.88 73 50
859.109 725.06 26208 17 2 775.109 647.06 168 156
1032.79 642.543 25229 16 1 945.787 570.043 174 145
1493.11 396.635 34500 23 1 1378.11 321.635 230 150
202.106 1010.8 14459 9 1 172.106 890.304 60 241
1035.17 1652.61 23876 15 1 941.173 1589.11 188 127
1472.86 1466.82 42315 28 1 1395.36 1330.32 155 273
1630.76 1571.52 9174 6 2 1561.26 1538.52 139 66
621.152 1598.38 75096 50 1 472.152 1472.38 298 252
470.03 179.92 13490 8 1 375.03 144.42 190 71
1002.55 1767.51 13160 8 2 932.548 1720.51 140 94
350.968 969.79 15288 10 2 252.968 930.79 196 78
