1381.89 420.645 24196 16 0 1250.39 374.645 263 92
1846.55 171.508 13200 8 2 1736.55 141.508 220 60
1414.79 1698.24 23604 15 0 1274.29 1656.24 281 84
1599.72 1299.33 3990 2 1 1564.72 1270.83 70 57
1258.01 778.488 47580 31 1 1166.51 648.488 183 260
835.928 1475.7 23184 15 1 697.928 1433.7 276 84
1211.57 392.123 10008 6 2 1175.57 322.623 72 139
966.768 1793.37 33975 22 0 854.268 1717.87 225 151
742.802 888.345 11737 7 1 694.302 827.845 97 121
1770.69 665.008 44600 29 1 1670.69 553.508 200 223
328.525 484.52 48906 32 0 243.025 341.52 171 286
886.974 431.753 13254 8 2 816.474 384.753 141 94
1119.23 214.651 24518 16 2 1078.23 65.1509 82 299
1066.85 1096.55 16275 10 1 979.351 1050.05 175 93
511.595 766.048 38232 25 2 403.595 677.548 216 177
1163.67 1678.64 23184 15 0 1117.67 1552.64 92 252
1266.4 1226.79 17381 11 1 1170.9 1181.29 191 91
1655.01 1084.96 19403 12 1 1613.01 969.463 84 231
1781.52 1850.58 39168 26 0 1709.52 1714.58 144 272
243.911 787.923 20090 13 2 208.911 644.423 70 287
105.502 275.349 11466 7 1 14.5024 243.849 182 63
803.695 679.055 32490 21 0 708.695 593.555 190 171
1735.83 402.169 34944 23 2 1599.33 338.169 273 128
1422.84 276.255 16646 11 0 1279.34 247.255 287 58
601.181 1342.79 45590 30 1 464.681 1259.29 273 167
831.678 117.643 15652 10 1 788.678 26.6427 86 182
547.474 1038.25 65208 43 1 404.474 924.253 286 228
1892.5 1361.94 41239 27 2 1766 1280.44 253 163
1874.65 882.189 34160 22 2 1752.65 812.189 244 140
578.209 1585.21 38190 25 1 511.209 1442.71 134 285
1534.91 1883.02 42160 28 2 1449.91 1759.02 170 248
245.896 1457.64 27265 18 2 102.396 1410.14 287 95
1429.94 111.405 9891 6 1 1398.44 32.9051 63 157
1621.24 1447.5 24062 16 0 1568.24 1334 106 227
172.235 1000.36 28356 18 2 33.2347 949.358 278 102
338.306 172.917 25714 17 2 188.806 129.917 299 86
722.653 355.664 35520 23 1 648.653 235.664 148 240
1100.67 550.044 10668 7 0 1058.67 486.544 84 127
1262.86 1402.66 26035 17 1 1160.36 1339.16 205 127
307.742 1655.7 45824 30 2 179.742 1566.2 256 179
539.433 507.969 20736 13 2 491.433 399.969 96 216
1512.33 745.337 19942 13 2 1427.83 686.337 169 118
1018.69 1311.22 17818 11 2 959.685 1235.72 118 151
1501.09 1026.84 31313 20 2 1414.59 936.338 173 181
820.927 1644.25 21505 14 1 727.427 1586.75 187 115
803.614 519.72 7276 4 2 750.114 485.72 107 68
566.809 1885.7 20650 13 2 531.809 1738.2 70 295
1811.47 1145.04 7076 4 0 1753.47 1114.54 116 61
234.736 1251.61 6599 4 2 204.736 1196.61 60 110
968.137 717.858 8162 5 2 929.637 664.858 77 106
1294.25 601.968 15200 10 0 1199.25 561.968 190 80
1904.17 56.332 18094 12 0 1795.17 14.832 218 83
1071.22 440.928 3960 2 0 1035.22 413.428 72 55
288.746 296.286 8483 5 2 238.246 254.286 101 84
1739.77 1594.31 9785 6 0 1688.27 1546.81 103 95
953.763 920.488 19668 13 1 879.263 854.488 149 132
978.913 139.425 11623 7 1 949.413 40.9253 59 197
853.135 1237.91 42560 28 2 758.135 1125.91 190 224
110.785 1690.19 10472 6 1 82.7845 1596.69 56 187
1193.89 1511.26 15840 10 0 1073.89 1478.26 240 66
