1676.6 1154.85 37275 24 0 1570.1 1067.35 213 175
1686.73 260.243 20348 13 2 1627.23 174.743 119 171
1819.83 265.814 7546 5 0 1770.83 227.314 98 77
868.747 960.596 34462 22 0 748.247 889.096 241 143
162.358 265.68 25872 17 1 46.8581 209.68 231 112
671.8 1119 13959 9 0 601.3 1069.5 141 99
729.476 1295.63 25707 17 2 624.976 1234.13 209 123
1248.05 1506.77 22680 15 0 1143.05 1452.77 210 108
1854.82 662.204 15865 10 0 1771.32 614.704 167 95
1625.32 987.401 7503 5 1 1594.82 925.901 61 123
1174.29 1327.65 10650 7 1 1136.79 1256.65 75 142
662.029 1742.2 8370 5 2 635.029 1664.7 54 155
1624.34 548.755 86112 57 0 1480.34 399.255 288 299
799.556 117.103 26314 17 2 740.556 5.6032 118 223
229.596 72.6099 40600 27 2 89.5962 0.109867 280 145
194.706 1134.89 12720 8 0 168.206 1014.89 53 240
623.758 102.181 42158 28 0 516.758 3.68053 214 197
910.613 1244.79 30870 20 0 858.113 1097.79 105 294
1117.33 876.368 30880 20 0 1020.83 796.368 193 160
182.082 1421.78 76734 51 0 51.5824 1274.78 261 294
610.645 903.292 16758 11 2 477.645 871.792 266 63
1173.56 744.916 12300 8 1 1098.56 703.916 150 82
907.143 1667.28 3712 2 1 875.143 1638.28 64 58
768.314 1549.84 8684 5 0 742.314 1466.34 52 167
1525.51 1576.66 33667 22 1 1397.01 1511.16 257 131
1180.32 1779 13359 8 0 1143.82 1687.5 73 183
1553.37 887.811 6105 4 0 1497.87 860.311 111 55
1210.25 515.713 30576 20 1 1106.25 442.213 208 147
1548.14 1381.1 14924 9 0 1404.64 1355.1 287 52
959.886 404.754 13266 8 1 892.886 355.254 134 99
