1371.66 1005.16 46800 31 1 1251.66 907.663 240 195
1569.95 1372.84 17043 11 0 1446.45 1338.34 247 69
1307.93 1725.66 19005 12 0 1217.43 1673.16 181 105
1144.04 843.91 27450 18 0 1031.54 782.91 225 122
656.379 359.103 25009 16 0 515.879 314.603 281 89
1443.82 190.585 71214 47 1 1300.82 66.0848 286 249
1471.83 1787.2 2950 1 0 1446.83 1757.7 50 59
353.43 1598.31 26660 17 0 275.93 1512.31 155 172
772.239 678.673 19000 12 1 734.239 553.673 76 250
1808.11 1701.15 53760 35 2 1712.11 1561.15 192 280
891.355 1342.68 23219 15 1 782.855 1289.18 217 107
1648.53 519.614 16575 11 0 1616.03 392.114 65 255
1895.09 1066.71 19656 13 0 1787.09 1021.21 216 91
1035.89 1659.56 20056 13 0 926.89 1613.56 218 92
1602.81 1824.1 8052 5 0 1541.81 1791.1 122 66
303.659 1237.62 23220 15 2 260.659 1102.62 86 270
772.278 1568.16 42211 28 0 676.778 1457.66 191 221
736.662 74.1875 22351 14 2 628.162 22.6875 217 103
1366.73 384.813 6300 4 0 1303.73 359.813 126 50
1407.4 756.358 80607 53 1 1268.9 610.858 277 291
411.478 799.422 23256 15 2 335.478 722.922 152 153
122.554 1376.25 33108 22 2 29.5541 1287.25 186 178
250.816 606.787 16936 11 0 192.816 533.787 116 146
1723.41 794.058 74692 49 1 1591.91 652.058 263 284
89.3715 816.674 13268 8 0 35.8715 754.674 107 124
1205.14 208.417 12717 8 2 1164.64 129.917 81 157
1259.7 1353.38 29520 19 1 1169.7 1271.38 180 164
636.294 1067.2 61776 41 1 528.294 924.198 216 286
1003.27 691.225 10731 7 2 966.771 617.725 73 147
1577.19 493.754 12172 8 0 1543.19 404.254 68 179
1829.94 1150.91 9420 6 1 1751.44 1120.91 157 60
693.029 622.325 14941 9 0 659.529 510.825 67 223
903.597 380.156 21756 14 0 805.597 324.656 196 111
107.579 126.846 12968 8 1 42.0789 77.3461 131 99
153.282 1107.54 11841 7 2 122.282 1012.04 62 191
1380.01 1343.43 9515 6 2 1352.51 1256.93 55 173
826.016 1811.06 54758 36 0 695.016 1706.56 262 209
339.767 283.292 19224 12 2 295.267 175.292 89 216
219.56 844.714 30995 20 0 156.56 721.714 126 246
939.035 815.167 5500 3 0 914.035 760.167 50 110
1031.83 1119.19 45108 30 0 942.326 993.194 179 252
469.471 1779.71 32031 21 2 365.471 1702.71 208 154
1854.18 151.007 6438 4 0 1798.68 122.007 111 58
222.025 1798.21 11844 7 2 164.525 1746.71 115 103
449.769 189.183 30012 20 0 388.269 67.1834 123 244
519.616 1637.39 13805 9 2 460.616 1578.89 118 117
177.135 338.406 46956 31 2 86.1354 209.406 182 258
455.007 646.622 11446 7 0 406.507 587.622 97 118
1478.62 493.209 18396 12 2 1436.62 383.709 84 219
1691.35 189.827 11186 7 0 1631.85 142.827 119 94
1936.84 1360.03 25578 17 2 1789.84 1316.53 294 87
1200.69 1043.2 9680 6 1 1160.69 982.702 80 121
1380.41 534.463 5564 3 0 1326.91 508.463 107 52
1588.28 1004.99 7062 4 2 1534.78 971.99 107 66
448.399 506.349 24785 16 0 371.899 425.349 153 162
1168.78 496.506 14456 9 2 1142.78 357.506 52 278
75.4139 1511.88 6960 4 1 17.4139 1481.88 116 60
1061.12 397.288 18612 12 1 1014.12 298.288 94 198
943.423 88.6749 31433 20 0 850.423 4.17493 186 169
617.503 862.215 19975 13 1 500.003 819.715 235 85
