1667.17 1805.74 35476 23 1 1569.17 1715.24 196 181
667.674 1194.37 35462 23 2 548.674 1119.87 238 149
115.426 290.229 31200 20 1 11.4261 215.229 208 150
1470.74 842.807 40391 26 0 1386.24 723.307 169 239
616.984 1386.23 12027 8 1 511.484 1357.73 211 57
1196.93 701.956 11220 7 1 1163.93 616.956 66 170
1645.76 878.224 8910 5 2 1600.76 828.724 90 99
1022.6 292.078 24180 16 1 957.598 199.078 130 186
1312.31 187.929 46782 31 2 1208.81 74.929 207 226
504.014 435.589 6608 4 0 474.514 379.589 59 112
663.161 570.082 11592 7 1 559.661 542.082 207 56
618.335 284.809 11100 7 0 593.335 173.809 50 222
582.043 1636.71 29280 19 1 521.043 1516.71 122 240
1719.14 1200.78 15210 10 0 1680.14 1103.28 78 195
1444.55 408.08 18750 12 1 1319.55 370.58 250 75
1292.83 1427.28 58604 39 1 1143.33 1329.28 299 196
1192.41 1143.15 36179 24 2 1120.91 1016.65 143 253
128.344 506.86 5493 3 0 87.344 473.36 82 67
120.291 1604.26 35370 23 0 52.7909 1473.26 135 262
1280.06 1718.51 29394 19 0 1176.56 1647.51 207 142
425.603 635.069 49506 33 0 314.603 523.569 222 223
1013.36 782.719 34697 23 0 934.855 672.219 157 221
1807.57 736.621 40470 26 2 1701.07 641.621 213 190
797.879 134.46 13607 9 0 770.879 8.45973 54 252
1764.18 103.258 55622 37 2 1627.18 1.75787 274 203
1058.24 1431.49 17898 11 2 979.736 1374.49 157 114
130.632 738.53 18144 12 1 76.632 654.53 108 168
344.165 224.878 16240 10 2 309.165 108.878 70 232
324.953 1571.97 12180 8 1 219.953 1542.97 210 58
371.581 1211.83 23760 15 0 316.581 1103.83 110 216
